GID_3,Walking_Only_Travel_Time_to_Healthcare_min,Walking_Only_Travel_Time_to_Healthcare_max,Walking_Only_Travel_Time_to_Healthcare_mean,Walking_Only_Travel_Time_to_Healthcare_median,Walking_Only_Travel_Time_to_Healthcare_stdDev,Motorized_Travel_Time_to_Healthcare_min,Motorized_Travel_Time_to_Healthcare_max,Motorized_Travel_Time_to_Healthcare_mean,Motorized_Travel_Time_to_Healthcare_median,Motorized_Travel_Time_to_Healthcare_stdDev,Travel_Time_to_Cities_min,Travel_Time_to_Cities_max,Travel_Time_to_Cities_mean,Travel_Time_to_Cities_median,Travel_Time_to_Cities_stdDev
BEN.1.1.1_1,0.0,239.0,73.3292973087294,56.0,57.19504099728787,0.0,62.372737884521484,13.942997273161893,11.373295108108662,13.12320654388152,0,74,17.065589805953564,14.000000000000004,15.886324891539793
BEN.1.1.2_1,0.0,439.0,200.88788504009,198.75,96.29632340520595,0.0,136.31539916992188,41.90729993184142,38.534947315049095,24.827521929379053,24,181,77.46092465153629,74.0,26.523695489683156
BEN.1.1.3_1,0.0,141.0,60.31372752241282,58.0,36.95344107538766,0.0,37.25117874145508,11.45714247342236,11.407468099851865,7.322700799247752,0,46,19.3688138052547,21.0,10.552491912168525
BEN.1.1.4_1,0.0,478.0,205.4125388298696,190.6159420289855,118.25733725710737,0.0,133.2740020751953,42.63247536370517,42.33714753378242,24.022315785222432,22,199,74.04795853570636,70.0,27.453584348436774
BEN.1.1.5_1,26.0,441.0,257.64367960825456,284.47888283378745,105.54041967367695,2.6457266807556152,161.4378204345703,64.96055388405921,61.67730291626524,39.10542957301135,7,196,89.50630290311295,88.0,44.35714642549974
BEN.1.1.6_1,0.0,238.0,94.59354790936469,85.00000000000001,62.66435532718284,0.0,55.217018127441406,19.129723611477417,18.73684310913086,11.975799377640932,12,66,35.796243273929996,36.0,11.896395869921173
BEN.1.1.7_1,0.0,366.0,171.08399299700335,170.72649572649573,93.0043961640285,0.0,138.8909454345703,49.231242787001484,42.331372149735216,33.96128784129505,11,176,73.70241560422328,66.0,40.593550699645114
BEN.1.1.8_1,15.0,365.0,185.96704627721778,192.8,87.53896045270253,1.5541353225708008,124.65985870361328,42.59831826138312,35.618980407714844,27.873570636183025,3,139,50.79631898424013,47.0,30.306697793407153
BEN.1.1.9_1,46.0,556.0,354.5418209025756,386.53120907900484,123.90107589111241,4.662601470947266,167.37188720703125,63.18496509631139,57.548055921282085,32.018555699701096,4,263,87.30416141608255,76.66463944396178,54.216666764198884
BEN.1.1.10_1,0.0,154.0,63.46776838652705,59.0,40.65654394127652,0.0,39.6917839050293,12.193730528912269,10.412886036036502,8.932988437840121,7,54,21.651696732685764,20.0,10.366908058676573
BEN.1.2.1_1,0.0,426.0,217.3792898097112,224.34784464361928,99.82127231961181,0.0,148.43858337402344,52.712013586771356,51.44377036716627,30.305578974956692,46,227,131.43594484299555,130.0,36.67498781416397
BEN.1.2.2_1,0.0,151.0,64.29592287963209,60.0,36.46500960198618,0.0,75.76649475097656,16.544484335754643,14.252169132232666,14.58769629902321,39,126,62.761652073936474,61.00000000000001,17.072393214909486
BEN.1.2.3_1,0.0,225.0,90.85345133674369,79.0,54.72353178072076,0.0,62.58346939086914,19.5133470792584,17.896455908194184,12.627302639484816,20,98,52.40703286298542,50.99999999999999,15.215765586794838
BEN.1.2.4_1,0.0,341.0,149.5484207988427,130.57142857142858,82.13668672534574,0.0,202.36038208007812,41.977850009566374,28.545101369168826,39.1246207970494,69,344,161.17600257172714,160.56185567010309,55.495719419085376
BEN.1.2.5_1,0.0,326.0,169.74371368978882,172.375,73.59234926366507,0.0,164.02259826660156,58.846506119988256,53.32592900594076,37.047244243037696,54,259,147.89744071756584,146.0,46.91143765406438
BEN.1.2.6_1,0.0,291.0,156.56201367142947,162.42857142857142,61.74254226715504,0.0,92.97676086425781,37.26348792619599,36.285246930704304,18.52883561595527,52,153,100.69592471258292,100.0,22.817691180151712
BEN.1.3.1_1,0.0,553.0,215.04637565278244,196.84060077519382,123.36484445254902,0.0,183.37660217285156,61.13042596282479,46.493893474746216,46.00064614998286,18,250,106.80635166537581,96.0,51.95114354194985
BEN.1.3.2_1,10.0,261.0,117.86385957977322,117.0,49.74658911192135,1.092921257019043,120.22673034667969,40.83900647163374,33.38869667053223,27.310646296972585,17,158,70.24933104266125,60.0,33.386372745177866
BEN.1.3.3_1,0.0,391.0,166.93225988226408,180.5,98.36413836506338,0.0,114.2641372680664,40.479171138556,36.17892104309875,27.24735587717758,5,136,56.64773939837186,52.0,30.52002985290516
BEN.1.3.4_1,0.0,303.0,145.69612714888103,144.0,69.1052113313048,0.0,95.3535385131836,31.316169960044867,27.39006805419922,21.239011259485803,0,147,46.177294842685704,43.0,31.338683531479788
BEN.1.3.5_1,0.0,88.0,29.286825053995685,26.0,22.076984637597256,0.0,16.777381896972656,4.5229247361074005,3.687181234359741,3.8010773367866086,0,27,8.445097192224623,6.0,7.420546389828692
BEN.1.3.6_1,0.0,134.0,70.63884420245017,71.0,33.43544335155384,0.0,59.50299072265625,16.103924069070025,14.0135498046875,14.00918626438471,0,64,20.97877737903724,18.0,16.603450052209983
BEN.1.3.7_1,0.0,193.0,93.66764884568649,88.0,43.65699122016028,0.0,62.408321380615234,20.42506728723626,18.663673400878906,12.241657221682676,5,73,30.86928918590521,29.000000000000004,14.512584301028808
BEN.1.3.8_1,0.0,318.0,118.34063518386391,100.695885509839,73.89654403218717,0.0,112.09782409667969,33.32186396728518,24.72695541381836,27.312736616119935,19,168,75.82269230027572,68.00000000000001,34.270550041822524
BEN.1.3.9_1,0.0,163.0,64.35528012239779,65.0,31.90065139063107,0.0,49.45841979980469,14.014632679737343,13.024691150646019,9.573996604943618,29,118,64.08951195612936,62.0,19.170559700800563
BEN.1.3.10_1,0.0,309.0,108.56738020576883,100.5,63.92193709177655,0.0,95.96688842773438,27.701049256802694,21.682587565927193,21.40903813454785,15,132,57.86509705341178,56.99999999999999,24.164243492616322
BEN.1.4.1_1,0.0,237.0,86.14737128847723,76.0,51.13977176547169,0.0,82.32987213134766,23.07604090957732,18.206270224169682,17.9895996167293,62,189,104.28283103439738,98.00000000000001,30.278402538005682
BEN.1.4.2_1,0.0,198.0,77.51984445404604,68.0,45.422505586766604,0.0,128.92742919921875,38.844272462988805,28.41497230529785,34.681757908358996,100,324,160.88559348188377,145.0,54.90797679498523
BEN.1.4.3_1,0.0,731.0,420.8990050682468,433.7474249238357,144.86153549860492,0.0,371.0807800292969,124.85008959957877,117.11671593439054,64.95031405819019,64,517,208.01204742358095,192.41596950121783,84.18067755309261
BEN.1.4.4_1,15.0,767.0,489.90274147501566,513.1666666666666,180.59793118356103,2.068990707397461,413.85296630859375,162.6485059235102,144.92110933472114,91.93082937240388,74,559,273.2511822371269,244.52380952380952,112.55222940906114
BEN.1.4.5_1,10.0,824.0,439.17660738714073,493.1,229.5447108064131,1.4516547918319702,462.249267578125,238.9543813929335,263.08827039930554,129.10828283644824,93,587,377.1764249886001,400.6666666666667,125.59126544665119
BEN.1.5.1_1,0.0,167.0,64.24176458828492,57.0,38.9396710883317,0.0,61.10492706298828,16.691441129601692,15.149616479873657,12.520756629808009,13,90,38.96139407805591,37.0,15.1208266957537
BEN.1.5.2_1,0.0,502.0,260.9177715070988,276.46666666666664,107.14237323416067,0.0,230.74781799316406,72.1097946183296,62.454130692915484,47.503183897530675,13,320,123.3074447742801,112.66673927248965,61.762396412339136
BEN.1.5.3_1,0.0,411.0,162.9915875036726,168.25,86.01554326263562,0.0,109.25431060791016,39.04358136376805,36.80325462147048,23.36986689568905,37,247,113.52719126432277,95.00000000000001,50.50473278245647
BEN.1.5.4_1,0.0,167.0,49.1894449499545,48.0,29.213560252364314,0.0,42.9591064453125,10.876081081036702,8.365793677019584,10.044231545914274,0,66,19.50014298713115,17.0,14.014064192576619
BEN.1.5.5_1,11.0,460.0,219.18079449892042,228.703488372093,113.39619369187373,1.106210708618164,215.96128845214844,85.42260870512149,76.75377655029297,60.02831350964497,18,320,161.74648190554478,170.66710268149117,85.51860799762113
BEN.1.6.1_1,0.0,206.0,92.91932114151284,93.00000000000001,45.009526148353196,0.0,88.99676513671875,24.826697364499015,21.71286163219186,16.808175992881917,101,220,157.88541742515474,158.00000000000003,20.729018426608107
BEN.1.6.2_1,0.0,259.0,103.94310673295846,100.52822371828069,51.00060208822139,0.0,70.2210922241211,22.33336730131978,20.273886680603027,13.381682421581901,62,160,106.46365875191671,104.99999999999999,21.680353572414596
BEN.1.6.3_1,75.0,495.0,296.5932404454422,300.65684029765305,99.76150483148923,11.094009399414062,131.46365356445312,58.700491820070035,56.212883980719596,23.839311976961422,46,206,132.1931440444942,134.99999999999997,33.12181290131317
BEN.1.6.4_1,0.0,272.0,86.93075075752692,86.26795096322242,44.84201875137912,0.0,91.67253875732422,18.722048351599387,15.717291483591344,16.700780701389228,101,219,133.3407098188382,128.0,20.559306612020862
BEN.1.6.5_1,0.0,326.0,137.99969017192734,134.4375,76.83906413341501,0.0,138.49488830566406,43.345250362775424,37.51034721098125,30.903569160763826,72,252,154.4474623993739,153.0,38.91992635704589
BEN.2.1.1_1,0.0,190.0,73.3827326769459,70.0,47.23447737203585,0.0,79.58795166015625,15.09421943700293,10.61478710788514,17.036796417662963,46,136,70.3270016719301,66.00000000000001,19.291736314000563
BEN.2.1.2_1,14.0,95.0,50.992311121016265,52.0,21.706564277153237,10.672269821166992,56.84723663330078,23.93553637586831,21.36614990234375,11.345791685503173,59,122,85.7732337864943,84.0,15.478327545516835
BEN.2.1.3_1,17.0,137.0,88.51562499999997,94.0,27.96169239203185,8.071328163146973,72.36199188232422,23.334706827869425,20.782469387712148,12.744091845693289,59,144,88.69985151187905,84.0,18.686077503195218
BEN.2.1.4_1,48.0,195.0,124.42466992222825,124.0,31.23235293000712,4.87515115737915,79.39637756347656,29.91440396287585,27.72068943725125,12.53716862580385,36,120,64.64036379608815,62.99999999999999,16.865570487713708
BEN.2.1.5_1,0.0,171.0,70.18794302923499,68.0,36.1951002495035,0.0,109.68401336669922,31.70209713804082,22.225414877588097,25.0700882853508,31,135,78.59594418653592,74.0,24.61306773073973
BEN.2.1.6_1,0.0,114.0,53.24168733008697,54.0,24.59782964288711,0.0,49.225921630859375,12.874312547552886,10.951453827740103,9.565500163645892,36,118,80.11582469452992,79.0,15.958433150325469
BEN.2.1.7_1,64.0,195.0,121.24021702271956,118.0,28.676302855841335,6.881767272949219,109.68401336669922,30.926432505604684,23.639196576743288,22.010839034210697,13,125,49.77192268565616,44.0,24.42024309052499
BEN.2.1.8_1,11.0,121.0,70.76910439145684,73.0,24.88739954679693,1.8434712886810303,32.65865707397461,15.467067046760633,15.101828575134277,6.663609270832228,32,81,51.53900803694328,50.0,11.326827202089275
BEN.2.2.1_1,0.0,212.0,89.58859285421794,81.0,44.285964463616025,0.0,66.41558074951172,19.504439745670425,16.736742198603647,13.521665173144314,0,78,25.907452907452928,25.0,15.734062872102578
BEN.2.2.2_1,10.0,297.0,110.61503798900746,116.24725943970765,54.44909325864358,1.0949822664260864,97.1565170288086,29.2874255542,23.855745315551758,22.390394152213524,26,149,63.1475913352732,57.0,26.996894707917654
BEN.2.2.3_1,0.0,158.0,82.13821138211384,90.00000000000001,33.3779572697442,0.0,69.09822082519531,26.977812953894638,26.875940322875977,15.697009405187396,24,121,61.27771496258008,59.0,22.169872593601433
BEN.2.2.4_1,11.0,297.0,166.0873058485139,176.72961373390558,68.25909067544366,1.1061158180236816,94.9100341796875,45.099899277273344,43.195562998453774,21.375448555496053,13,137,66.21714285714285,65.0,24.99760086034364
BEN.2.3.1_1,0.0,304.0,145.5173590167016,148.438149197356,59.6827961981662,0.0,202.36038208007812,49.86662796410337,33.41801939454189,44.458680504100755,91,338,161.9551562855363,143.0,52.769445017565516
BEN.2.3.2_1,0.0,394.0,172.1742560965851,156.4958981612447,89.47675121573491,0.0,229.4950408935547,73.23072725313516,45.54665579560139,62.95993711065425,95,346,187.67045100950384,159.0,68.57454752682341
BEN.2.3.3_1,0.0,298.0,111.71616517970435,104.2350710900474,59.591160907935624,0.0,114.73033142089844,32.74885383296835,24.220565117891546,25.501060274717705,51,226,109.16542849892275,103.0,31.54802835901403
BEN.2.3.4_1,72.0,546.0,339.0320370731592,338.7468354430379,101.14859197889795,11.751274108886719,178.60433959960938,74.73837925703883,78.38803650264015,29.949501322416815,55,304,151.13710330478366,146.99999999999997,44.05289287450634
BEN.2.4.1_1,0.0,300.0,136.71643616840532,138.32776349614397,66.19357728162159,0.0,128.21255493164062,50.97390470599165,52.4957816810986,30.895186788822876,35,190,101.53737809643552,100.0,38.575820387520544
BEN.2.4.2_1,27.0,142.0,85.07427526190342,85.0,22.6319800666917,3.7501556873321533,40.6896858215332,16.078478066938807,14.425609646329454,8.085209882053789,35,93,53.02688321046503,50.0,11.19333027843444
BEN.2.4.3_1,0.0,306.0,141.56500348996923,140.54279749478079,80.85059047404964,0.0,75.76895141601562,32.81461009570349,31.28304343202929,17.740190790914195,54,222,128.99923445837933,131.0,40.868005115149245
BEN.2.4.4_1,0.0,380.0,211.24265360527573,220.59971777986834,81.44272992310533,0.0,221.22474670410156,64.47717402714653,53.50056328053459,40.57004094130693,61,298,159.58271406523053,159.0,43.467269893976166
BEN.2.4.5_1,0.0,233.0,89.04479580001222,78.00000000000001,55.002059253646124,0.0,87.98777770996094,24.55253217659273,20.282696407453148,18.29295825691839,62,190,97.97362798363959,94.0,25.197299780160844
BEN.2.4.6_1,0.0,314.0,120.09835093130866,104.30604982206403,67.64321785623996,0.0,128.21255493164062,39.076900443953036,35.43792155409798,22.418304793441415,39,211,109.40317818114714,98.99999999999999,41.307094777671466
BEN.2.5.1_1,0.0,199.0,91.4682805836423,89.0,39.71101521266351,0.0,124.63993835449219,39.11823100844178,31.757083892822266,30.346467777874935,20,149,68.76289847002693,66.0,29.207848279373316
BEN.2.5.2_1,0.0,249.0,104.15519126704484,99.00000000000001,52.39501412545056,0.0,82.43518829345703,23.532746330999206,18.74019718170166,17.54542726977953,51,174,107.05404824434325,106.0,23.20720636616886
BEN.2.5.3_1,0.0,175.0,107.7102431363425,117.99999999999997,42.565119619259185,0.0,90.04969787597656,29.791551377664145,26.273258209228516,19.35950559326989,11,117,61.862494183341134,63.0,23.95948321971934
BEN.2.5.4_1,0.0,140.0,63.66878998083622,64.0,32.85585052480567,0.0,88.04033660888672,31.438151080951563,27.194660186767575,23.210381449572704,20,125,64.57507625037115,60.0,26.191187981645065
BEN.2.5.5_1,0.0,242.0,119.83206621937536,125.0,55.92558895874516,0.0,96.61254119873047,30.222385219635576,25.80183101808471,20.771374325653266,39,178,92.18258795354764,89.99999999999999,25.08608903911886
BEN.2.5.6_1,10.0,183.0,98.46100125109707,95.0,34.85194340326483,1.0944256782531738,72.1405029296875,29.525994164165528,26.371649551391602,16.608705239692423,23,135,88.04188374134036,89.0,23.470227150583778
BEN.2.6.1_1,0.0,162.0,76.33850440068386,74.0,36.13776510250162,0.0,57.180450439453125,17.1800323754683,14.166846893225994,12.425049005010038,10,98,47.551560818084,48.0,16.90902819731811
BEN.2.6.2_1,0.0,129.0,70.62776681614348,74.00000000000001,28.487200307869863,0.0,61.4227180480957,19.222245970022502,16.128956736506403,12.215695791311118,6,87,38.68762331838563,36.00000000000001,16.792568209322592
BEN.2.6.3_1,0.0,114.0,42.017906929953156,38.0,23.348348192576694,0.0,33.770347595214844,10.610965259018766,9.900458114968854,6.695485941682349,11,73,38.90313586847174,40.00000000000001,15.177751883896873
BEN.2.6.4_1,0.0,44.0,21.211848635235732,22.0,12.306096050332128,0.0,13.36538028717041,4.18119386145406,2.5808987617492676,3.7985817641176496,0,13,4.55831265508685,3.0,4.3129572221388885
BEN.2.6.5_1,0.0,146.0,73.54945790389507,73.0,42.969791147674265,0.0,73.86741638183594,25.523393013319584,18.84743309020996,20.36923897094031,0,92,34.04457234640611,30.0,24.73879321119668
BEN.2.6.6_1,0.0,115.0,52.91544325709909,55.0,27.0364619261461,0.0,40.853660583496094,12.94330324973147,11.681526309294666,9.150891274539394,0,50,15.871433802723123,13.999999999999998,11.538481343926415
BEN.2.6.7_1,16.0,174.0,91.63081052503148,89.0,33.06859606949768,1.5566333532333374,109.68401336669922,28.38241267944826,22.155346393585205,23.932108328626388,1,125,33.83354345439017,27.0,28.880486951684375
BEN.2.6.8_1,0.0,173.0,95.77562621868913,97.0,43.10428501537043,0.0,69.80301666259766,21.29949419151742,15.761043652417088,16.115167048575522,16,117,50.49212539373032,43.0,21.568167387205634
BEN.2.7.1_1,0.0,300.0,168.2784243951862,180.48512920526574,64.19751702307188,0.0,95.09577941894531,34.225949974213485,34.7561630350075,15.64069811197264,89,192,134.23725504732258,134.0,16.926328114348607
BEN.2.7.2_1,0.0,314.0,161.1076479203711,164.6,76.86911943624713,0.0,89.97343444824219,31.025059592983308,27.19693017470864,19.780304600328265,57,197,108.46558607278081,105.00000000000004,24.32709319576926
BEN.2.7.3_1,0.0,305.0,137.4108514421278,128.5031239723775,67.08246815888344,0.0,175.0941925048828,41.51207427174846,26.506922578759422,38.409482473909875,101,317,154.34157601594555,139.0,45.475726933546
BEN.2.8.1_1,0.0,169.0,81.13432441166971,79.0,46.53139626311346,0.0,57.82722473144531,18.188576563743172,16.82528064675527,12.588205660100849,2,86,33.21085877133711,31.0,18.825071151269306
BEN.2.8.2_1,0.0,156.0,70.79584903505767,62.99999999999999,38.45437911807186,0.0,69.62127685546875,21.094705338315137,15.316972713081203,16.334937973700956,11,87,38.43773552586503,33.0,17.98405772288142
BEN.2.8.3_1,0.0,195.0,85.26841179058512,82.0,41.759074676508,0.0,96.67066955566406,37.11795265177406,30.840890884399414,24.528570674645163,12,114,52.892850857897066,48.00000000000001,25.720475494474897
BEN.2.8.4_1,0.0,221.0,93.9911514579694,87.0,52.271610306122895,0.0,141.52182006835938,33.3640699735678,20.41740585008049,31.31169005682924,0,146,39.31451849396283,31.0,32.226570944981646
BEN.2.8.5_1,11.0,605.0,337.2870215782661,349.6545286016949,134.21759535091564,1.8435559272766113,272.3787536621094,104.39114450010283,100.97306465694122,51.183662335174176,30,384,219.30774177995153,224.49176940560645,69.17625740760747
BEN.2.9.1_1,0.0,304.0,152.5096229629066,142.36329588014982,73.61228089043023,0.0,117.37128448486328,34.161294556786515,31.16676984514509,23.375669278346095,18,160,71.80326316324721,71.0,29.328366870247837
BEN.2.9.2_1,0.0,187.0,89.41381731526205,83.0,42.298748689172776,0.0,107.18184661865234,36.37470753342705,24.4710134267807,28.388767319375948,14,123,51.32336858231027,40.0,29.785681399859712
BEN.2.9.3_1,0.0,232.0,96.7677661465534,92.00000000000001,51.49938911166186,0.0,63.55603790283203,18.60876492569308,16.919025802612303,11.867877547526577,13,100,46.84765290670881,45.99999999999999,17.817856790601514
BEN.3.1.1_1,0.0,55.0,22.700870123100355,22.000000000000004,12.743512232620537,0.0,21.657604217529297,5.299284423051045,3.3310302226198294,5.05594622583632,0,32,5.356028710052527,3.0,6.663566202969433
BEN.3.1.2_1,0.0,127.0,23.11082344480402,15.0,22.89999635347796,0.0,36.21060562133789,3.3623032271111883,2.1002754485562014,5.068126856193222,0,35,2.2388349514563104,0.0,5.241225499475126
BEN.3.1.3_1,0.0,61.0,16.544170920467643,11.000000000000004,14.811325787432084,0.0,36.21060562133789,2.3603305465873183,1.4746154388673582,4.242278885793852,0,35,1.0465997036061256,0.0,4.1965938710942785
BEN.3.1.4_1,11.0,88.0,36.77907601396723,33.0,20.1249844720437,1.1058871746063232,21.301166534423828,5.722653514782393,5.034364700317383,3.8480623695444374,5,42,17.051369863013697,17.0,7.799679480594058
BEN.3.1.5_1,0.0,63.0,19.854904632152586,16.0,14.649598767170016,0.0,13.201851844787598,2.3842855886918373,2.0856332778930664,2.4441672513415478,0,34,4.1396457765667565,0.0,7.876780155198539
BEN.3.1.6_1,0.0,60.0,33.570246279116326,33.0,14.737791180800764,0.0,41.158809661865234,8.327208832213628,5.830624895228741,8.639657906758863,15,83,29.289594874190737,26.999999999999996,14.273829977347436
BEN.3.1.7_1,0.0,82.0,37.09590216691697,33.0,22.021664417198433,0.0,12.53335189819336,5.317052726529743,5.160788536071777,3.5704744273665443,0,55,24.879854108560398,20.0,16.311703575205662
BEN.3.1.8_1,0.0,69.0,25.781626373626374,26.0,14.617255280150172,0.0,10.985499382019043,3.714532613754271,3.1917011737823486,2.506723561025644,0,42,9.288351648351647,9.0,9.111975402381793
BEN.3.1.9_1,0.0,52.0,25.4006762468301,25.999999999999996,13.106471372445547,0.0,24.109859466552734,6.356963335785264,4.423342743305245,6.270526680132668,0,57,14.184892031045877,14.0,11.144954015158609
BEN.3.2.1_1,0.0,57.0,37.11570637445505,37.0,11.516575463941816,0.0,16.450475692749023,5.830147850481154,5.212662220001221,3.14353199082123,39,70,50.47555084246496,50.0,7.291428567541182
BEN.3.2.2_1,15.0,71.0,46.867723615712265,48.0,13.060814677355143,2.085021495819092,17.925979614257812,9.13441355545488,7.092050313949585,4.7186224784007695,52,111,82.16433980123051,82.0,16.551605240411128
BEN.3.2.3_1,0.0,53.0,26.170099395429848,26.0,12.87549584877416,0.0,16.450475692749023,3.603991352335474,3.6489522457122803,2.9936456830353975,34,70,43.61953068961982,41.0,8.429308818222887
BEN.3.2.4_1,0.0,42.0,21.666029130498753,25.0,10.39982993058223,0.0,12.771738052368164,3.0870287923474717,3.0382158756256104,2.9182711784012483,42,71,51.1775783433868,50.0,6.838101870271358
BEN.3.2.5_1,0.0,44.0,22.198378926038497,22.0,9.476579317219668,0.0,14.110074043273926,4.178461883761359,3.686304807662964,2.367511899841038,51,61,55.36717325227964,55.0,2.657484190399312
BEN.3.2.6_1,0.0,46.0,25.63798515981735,26.0,10.653651835966803,0.0,15.658225059509277,6.2961939627211105,5.528165817260742,4.186802287501664,41,65,52.83618721461188,53.0,6.680790115956953
BEN.3.2.7_1,0.0,75.0,27.976335214937045,26.0,18.20244183863497,0.0,16.35082244873047,3.7340227755783855,2.6691699028015137,3.9949803783813964,48,77,55.51845419018671,53.0,7.186716140831545
BEN.3.2.8_1,0.0,82.0,36.64308837029522,36.0,18.043349959197958,0.0,18.9906005859375,7.409704015244262,6.301870226860046,4.587429742623425,43,74,56.186548775184804,56.99999999999999,6.074101861275153
BEN.3.2.9_1,0.0,80.0,27.18376577005475,26.0,15.631820051643095,0.0,16.131914138793945,6.506774678567399,5.212575435638428,4.193591011676869,54,75,63.14091882885028,64.0,5.960501274410382
BEN.3.2.10_1,0.0,59.0,29.501288659793826,26.0,13.717425315536769,0.0,15.902481079101562,5.260596995569452,4.080848217010498,4.415169789711917,19,64,31.11239977090493,26.0,11.833416421299516
BEN.3.2.11_1,0.0,74.0,39.32706093189963,41.0,17.7019596372831,0.0,18.437898635864258,6.285831073353793,5.402249813079834,4.678656235643686,27,100,46.9072580645161,44.0,14.564771483252835
BEN.3.2.12_1,0.0,80.0,27.912351361718446,26.0,18.493044514035564,0.0,16.131914138793945,4.834913340230349,4.449538707733154,3.722842188510506,51,73,57.39336401994631,56.0,5.119321311847627
BEN.3.3.1_1,0.0,69.0,24.125347820325967,22.0,16.641329196584977,0.0,9.079646110534668,3.258313420656993,2.949732780456543,2.2478704208321574,18,34,26.47224062541408,27.0,4.002362251431326
BEN.3.3.2_1,0.0,76.0,36.19578313253012,32.0,18.4950351859793,0.0,23.581857681274414,5.723782615758569,5.277745723724365,4.9830062522584795,13,37,18.71410642570281,18.0,5.201059546685006
BEN.3.3.3_1,0.0,69.0,32.9315912470788,31.000000000000004,16.177376682882468,0.0,15.707184791564941,4.315925698561957,3.9290375005424085,2.581115996312342,0,28,9.961652857446351,10.0,7.13187283607485
BEN.3.3.4_1,0.0,88.0,45.53413353338332,41.0,25.22963223846213,0.0,10.963337898254395,5.50463862143686,5.052881717681885,3.2068118137924477,35,53,42.47618154538633,41.0,4.547329373910554
BEN.3.3.5_1,0.0,112.0,55.50567335243554,57.0,24.670765581068153,0.0,31.948198318481445,6.831135435992463,6.319513320922852,4.602772335034679,30,60,38.53879656160459,37.0,5.500410665875041
BEN.3.3.6_1,0.0,69.0,35.19292244951653,37.0,16.56276414267468,0.0,8.478446006774902,4.252813947088645,4.4235261352767665,2.0591913667305737,0,26,12.519897388673286,12.000000000000002,6.893545928485398
BEN.3.3.7_1,0.0,26.0,11.478972550994714,11.0,8.250874079570181,0.0,10.963698387145996,1.8209210880995699,1.47472083568573,2.7252029966432016,27,48,34.257869554268446,34.0,4.490786096365931
BEN.3.3.8_1,0.0,128.0,42.232360821673105,33.0,37.4524199576444,0.0,13.606087684631348,4.532745985712953,3.776333808898926,3.6165904187278963,13,46,21.472015480797854,19.0,6.506255524243233
BEN.3.3.9_1,0.0,126.0,45.21831784175924,37.0,29.565658448398576,0.0,31.948198318481445,4.816922728706178,4.692277908325195,4.567297036459958,20,60,27.998526411244615,28.0,5.811504530296813
BEN.3.4.1_1,0.0,62.0,30.89502529510961,31.0,20.173165275241814,0.0,9.907509803771973,4.031642785562836,4.6929931640625,2.9502266615857216,0,14,5.416947723440135,5.0,3.9965262694272665
BEN.3.4.2_1,0.0,46.0,16.975827640567523,11.0,13.325923867168845,0.0,6.257255554199219,1.952072760962337,1.474506139755249,1.6672719118880182,0,5,1.8181818181818181,2.0,1.8299632324445116
BEN.3.4.3_1,0.0,42.0,19.40272479564032,22.0,12.270289320142375,0.0,5.988321304321289,2.26339677055785,2.580386161804199,1.6958128721043497,0,18,3.5408719346049033,3.0,4.523007848766128
BEN.3.4.4_1,0.0,31.0,12.79546775130738,11.0,9.030560359588062,0.0,4.69295597076416,1.7067598170281013,1.4745047092437744,1.2798904901510066,0,12,1.6263800116211506,1.0,3.1951813209064346
BEN.3.4.5_1,0.0,81.0,41.82588676671215,44.0,20.696354362028195,0.0,24.575878143310547,6.744321404708521,5.619163990020752,4.931196310134574,2,32,16.521657571623468,16.0,6.421909997737143
BEN.3.4.6_1,0.0,127.0,53.299526707234655,48.0,26.619189666253995,0.0,36.14004898071289,7.5346985412780505,6.295609474182129,6.809205249573029,3,50,17.40094658553077,15.0,9.371320011106539
BEN.3.4.7_1,0.0,64.0,36.532816498569915,37.00000000000001,15.786363858477594,0.0,18.985050201416016,6.833245433033653,6.144739316241576,4.38337808164768,0,62,21.21104922474785,18.0,12.369629604810578
BEN.3.4.8_1,44.0,94.0,71.86774137632173,71.0,14.283153981327834,3.68625545501709,23.655803680419922,10.88169467798406,9.742918968200684,4.045644030452237,6,32,18.298318599410642,18.0,7.003085739625297
BEN.3.4.9_1,0.0,73.0,38.981445008811015,41.0,15.54702146853891,0.0,24.575878143310547,5.912773084403248,5.21338048467555,4.067205785127665,0,37,9.143464289416402,6.999999999999999,7.974281361810065
BEN.3.4.10_1,0.0,73.0,36.3179117911791,37.0,18.059784494069195,0.0,18.985050201416016,5.128577968325301,4.773810822239344,3.8755652475889724,0,33,10.59423942394239,10.0,7.849246911859336
BEN.3.5.1_1,0.0,65.0,34.297378652953725,34.0,14.303748537436688,0.0,36.83396911621094,20.119413346967956,18.947601318359375,9.42901325364866,0,51,14.123040260880474,14.0,14.57450625712202
BEN.3.5.2_1,30.0,230.0,98.16961602671117,86.0,48.957592597062266,8.118494987487793,47.15652847290039,21.157798586226065,19.504146575927734,9.595936533239309,18,65,35.60751252086812,35.0,11.186055181932362
BEN.3.5.3_1,11.0,224.0,104.04533565823886,99.0,63.843352852377386,1.4745066165924072,31.48073387145996,10.410291811145692,8.684103965759277,6.978763996568208,0,32,8.018831734960768,7.0,7.444265764227129
BEN.3.5.4_1,0.0,214.0,86.77011184476486,61.0,63.68180181249717,0.0,41.13032913208008,12.164047107753078,12.514911651611328,7.85839539263469,5,46,16.575528904460313,13.0,9.240917585560931
BEN.3.5.5_1,0.0,135.0,39.36772896039604,34.0,26.735404540714892,0.0,35.63857650756836,20.825254399808923,21.57318687438965,10.282582652843187,7,65,35.54409034653467,36.0,13.284157352466773
BEN.3.5.6_1,0.0,48.0,27.109563353870882,27.0,13.766223749588379,0.0,34.425235748291016,10.887260456555273,8.237558364868164,8.888059521212895,0,36,5.5770158049825875,0.0,10.203821334268525
BEN.3.5.7_1,0.0,269.0,135.79385485047405,144.0,77.79965466729003,0.0,28.574127197265625,11.2851772387692,11.851356506347656,6.207774301098462,2,40,14.850200583515676,15.0,7.579013046787618
BEN.3.6.1_1,0.0,69.0,36.07574951215186,36.0,17.21937685782515,0.0,21.509017944335938,9.036529717492746,6.2904887199401855,6.186365392052376,32,77,54.20737981195672,53.0,10.913900371976897
BEN.3.6.2_1,11.0,62.0,44.562464428002265,46.0,12.794135738573825,1.1058969497680664,15.426545143127441,5.798631042835722,5.9867329597473145,2.2320223190834603,49,84,60.59618668184405,59.0,6.74196422659249
BEN.3.6.3_1,11.0,97.0,52.369753771529574,53.00000000000001,19.52474316690519,1.1052913665771484,34.883853912353516,8.622543483821863,7.598669581399285,5.642257983310768,50,97,63.82620134007481,63.0,7.33863878023182
BEN.3.6.4_1,0.0,123.0,50.80784641068447,52.0,25.110765271978046,0.0,42.52964401245117,15.48026638934529,13.167922973632812,8.674245641918503,42,108,75.6373956594324,75.0,12.915693861693759
BEN.3.6.5_1,11.0,100.0,55.34068273397703,56.999999999999986,18.575312159024858,1.1058969497680664,41.12362289428711,11.557348868715115,7.593051089587432,8.815346919246359,52,115,67.8896829620619,62.0,16.339784368206164
BEN.3.6.6_1,0.0,128.0,71.7686826630038,86.0,35.16247759360031,0.0,41.34421920776367,15.159321682982354,15.564263820648193,9.605907658166865,40,153,90.64154182942006,88.99999999999999,30.977204135410428
BEN.3.6.7_1,0.0,113.0,55.36737562072519,46.0,32.404905197506366,0.0,44.231388092041016,12.508662527272977,12.880277633666992,8.667334653707105,46,100,63.309847278178566,63.0,11.374645856437684
BEN.3.6.8_1,0.0,59.0,36.53666760325935,37.0,14.671922373106018,0.0,16.59668731689453,6.787038940564739,6.445101737976074,3.4830917026150536,48,85,62.33970216352907,62.0,9.507605262269204
BEN.3.6.9_1,11.0,106.0,64.15001286008233,64.0,22.099990926424837,1.5635422468185425,41.34421920776367,10.88696606165956,9.431570053100586,7.551981028498563,40,101,52.02109053497941,50.0,12.243502483243883
BEN.3.6.10_1,0.0,101.0,26.914990704749027,26.0,18.43502525323491,0.0,35.20529556274414,6.256957707079514,3.6844964027404785,6.717466731699977,29,85,48.91076559067094,48.0,11.745003587108274
BEN.3.7.1_1,31.0,113.0,78.41765455079846,80.0,20.19423041734348,3.6495237350463867,40.93491744995117,15.984162086813086,14.672109603881836,7.783346216449515,16,78,41.38698932105417,40.0,14.898044688387472
BEN.3.7.2_1,0.0,77.0,38.93851178642431,37.0,18.983150423467645,0.0,32.85224151611328,11.02918976814494,11.452486991882324,8.266567054821808,34,73,51.93765975575119,51.0,10.576831992614794
BEN.3.7.3_1,0.0,82.0,34.00339003944773,33.0,18.366751968017407,0.0,32.85224151611328,7.303628069820723,6.292994580468181,5.66392528870834,36,82,53.67683678500985,52.0,10.266578288689253
BEN.3.7.4_1,0.0,73.0,29.110315695864827,26.000000000000004,14.956421545762389,0.0,18.09905433654785,5.798736580693493,4.2340590435525645,4.7782454845263835,17,63,34.690217874610944,34.0,10.173763047439948
BEN.3.7.5_1,0.0,70.0,33.86056338028168,33.0,16.670750012253123,0.0,17.067459106445312,6.493112322282342,6.104645252227783,4.238960691169081,7,39,23.29968701095461,24.0,7.422602025516427
BEN.3.7.6_1,26.0,111.0,75.10855605161765,75.0,17.906085752524035,3.038587808609009,36.12517547607422,13.724278150760508,12.1180013370439,6.063149946826466,23,86,54.071065989847725,54.0,13.535263320817682
BEN.3.8.1_1,0.0,71.0,35.32065331928345,37.0,15.539080095169131,0.0,30.537220001220703,6.095952926219703,4.691337585449219,4.993897363163687,29,91,44.03097997892519,42.0,12.218253323847655
BEN.3.8.2_1,0.0,67.0,30.087504036164027,31.0,14.394598665573566,0.0,17.63407325744629,5.770014855836259,4.143570899963379,4.701156346854313,45,99,63.857765579593156,57.0,17.30527998383353
BEN.3.8.3_1,17.0,126.0,82.04403367850576,85.0,23.094418410136768,4.233128547668457,64.20690155029297,23.173505814568706,21.170206760154162,12.006259136967673,57,120,83.9825800832285,82.0,14.074749448930053
BEN.3.8.4_1,0.0,64.0,39.103507404520656,41.99999999999999,14.314354049157224,0.0,14.07837200164795,6.003220153663275,6.292691230773926,2.474560945312492,20,49,31.96235385814496,31.0,6.331405486939292
BEN.3.8.5_1,0.0,84.0,32.600906842539146,31.0,18.253519118449805,0.0,15.722208976745605,4.47903505171613,4.23318226366158,2.5763716472109843,40,77,60.161005770816125,61.0,8.4538616511396
BEN.3.8.6_1,0.0,75.0,34.95765752834792,37.0,17.374899158310285,0.0,16.35082244873047,5.659663401102426,5.528449058532715,3.0598414924376667,50,77,64.67195349504809,66.0,6.344230165670457
BEN.3.8.7_1,0.0,94.0,43.06485034535688,42.0,23.04212711347588,0.0,44.38914108276367,14.128267554054785,9.444981278313533,11.181070839805805,26,87,45.14896392939374,40.0,15.501487134951331
BEN.3.8.8_1,0.0,124.0,72.13261865377272,75.0,24.280793285046425,0.0,72.28710174560547,25.277939310994874,20.70242315031438,16.82911431481847,33,124,69.20571955719555,64.0,21.838243546575317
BEN.3.8.9_1,0.0,96.0,45.06338957161703,47.0,20.371118579599848,0.0,36.12517547607422,8.522553148654021,6.013702392578125,7.279105714337234,11,75,26.260015274595567,21.0,16.271174051508375
BEN.3.8.10_1,0.0,64.0,39.64452306079667,42.0,15.024271451184879,0.0,12.441266059875488,5.321865713914986,5.27638053894043,2.10567199717854,15,34,24.238862683438153,24.0,3.878134932613302
BEN.3.8.11_1,0.0,84.0,42.91646022570878,44.00000000000001,16.67519781658443,0.0,10.74055290222168,6.001282203486233,5.98727560043335,2.208670385616807,29,59,46.631090008257644,47.0,6.886689254561212
BEN.4.1.1_1,0.0,176.0,94.24154204518972,98.0,37.589540660982884,0.0,130.86610412597656,32.411427346449365,27.467544805671878,23.323566285822952,88,263,150.01729792685765,146.0,32.12598930082804
BEN.4.1.2_1,0.0,304.0,168.7027668163213,172.97951344430217,70.97238328169027,0.0,122.7146224975586,35.48267050245307,31.328617368425643,22.42904063369599,84,215,131.52296621732566,127.0,26.23235305084996
BEN.4.1.3_1,0.0,221.0,93.45612402710893,91.00000000000001,43.042615422506444,0.0,67.99935150146484,20.133099058834677,17.25199992170094,12.933289129603844,77,172,118.22796142384728,120.00000000000001,18.690133610760434
BEN.4.1.4_1,0.0,232.0,126.39408140434463,128.0,46.71330635377589,0.0,138.0701904296875,41.76828445869122,36.48422580373115,29.222180701804458,97,267,158.33142799895364,148.0,40.943240591566266
BEN.4.1.5_1,0.0,149.0,74.53859620216673,73.0,31.663570634950887,0.0,77.15342712402344,21.474446453373126,17.693378448486328,14.158274472982601,56,195,109.40366052917041,108.0,25.582760721791235
BEN.4.2.1_1,0.0,222.0,101.19865617587259,98.99999999999999,44.09580473326117,0.0,95.41192626953125,27.448779569179457,20.318084370006215,20.87280040080771,102,240,154.20580947136557,151.0,26.99597083246066
BEN.4.2.2_1,0.0,230.0,99.37582368655384,90.0,49.20449262464233,0.0,56.37987518310547,19.387056086027304,17.36195659637451,11.005185486104418,28,111,67.55368803799347,67.0,15.856575073229633
BEN.4.2.3_1,0.0,308.0,153.90926085380224,156.50273684210526,66.98318177265473,0.0,111.20303344726562,35.03150802596744,32.74053805126329,20.81198735938582,33,240,123.28908728360372,130.0,48.1912136696829
BEN.4.2.4_1,0.0,291.0,104.34545185554326,92.0,65.23317468624394,0.0,132.1857147216797,24.57135938604595,17.48539998796251,23.89548371261948,66,226,106.55417127372964,99.99999999999999,29.310453477565595
BEN.4.2.5_1,0.0,220.0,93.85992863269522,84.0,51.53739252339967,0.0,118.38101959228516,31.93369691751801,19.70599365234375,28.673671891808656,63,239,124.42810431189305,112.99999999999999,39.010564771849076
BEN.4.2.6_1,0.0,248.0,142.40936907753567,153.0,60.09077769814554,0.0,132.1857147216797,35.55496046241992,31.381391532002354,24.666534990209687,65,226,123.54181520659215,121.0,33.80351832787532
BEN.4.3.1_1,0.0,418.0,211.40081436878359,214.46666666666667,97.20118207790418,0.0,189.4789581298828,64.86392201669341,54.541618096782436,42.53446964689037,52,268,142.64209411882428,133.0,44.44048498373518
BEN.4.3.2_1,0.0,200.0,111.45044051382065,113.00000000000001,50.80464177904985,0.0,107.38268280029297,44.430374740839135,42.617557525634766,29.4409835034323,3,146,73.57356917075799,72.0,40.53135144338256
BEN.4.3.3_1,0.0,180.0,84.29737382027083,80.0,44.98037854395827,0.0,61.739585876464844,15.6027092055165,13.359950065612793,12.331146333014518,54,119,73.01505949938449,70.0,11.257868898487983
BEN.4.3.4_1,0.0,176.0,88.2318293356514,87.99999999999999,39.87418827511777,0.0,69.0029067993164,17.571229263400063,14.72504675883167,13.685753380302891,41,130,75.07971821548551,75.0,14.993457712895642
BEN.4.3.5_1,0.0,204.0,85.76595965234034,83.0,42.68955477222542,0.0,110.46141052246094,34.94021673151846,27.382224082946777,25.85967650950794,4,146,53.70104457379792,47.0,31.450583153919393
BEN.4.4.1_1,0.0,137.0,62.1827292323945,62.0,26.897645831695968,0.0,49.96345138549805,9.118069351612045,8.083452905927386,6.562137584564543,28,104,53.472426444346105,54.0,12.998578904703159
BEN.4.4.2_1,0.0,259.0,141.33825408459094,146.40389105058367,58.61301465638509,0.0,106.27227020263672,31.25292999589294,26.29918606608865,20.620503415573683,28,136,81.698703438256,85.0,22.882576539028676
BEN.4.4.3_1,0.0,189.0,88.75855780262684,88.0,40.12809753916067,0.0,65.75963592529297,19.085254700755,14.70258460855183,14.568080343764306,0,97,29.831207082555604,24.0,22.7395795834658
BEN.4.4.4_1,0.0,295.0,105.12928945172058,96.375,56.94005963061979,0.0,130.63450622558594,37.52466203964833,30.47930731865966,29.339342986577282,7,248,86.4269870313303,75.0,51.057537491482556
BEN.4.4.5_1,0.0,222.0,92.95232740928343,79.0,51.65520789454877,0.0,48.60023498535156,22.063033183963164,21.87747859954834,11.098487907258862,5,75,36.944369241517826,35.99999999999999,15.12701806972255
BEN.4.4.6_1,0.0,90.0,52.701847272727285,52.99999999999999,20.189926577201955,0.0,33.57576370239258,8.919212973879032,7.849175393804073,5.595967170856682,17,60,34.73032727272727,35.0,8.05502339664132
BEN.4.4.7_1,0.0,177.0,78.09112595832215,78.0,33.327690587858044,0.0,68.62937927246094,22.48099071866059,20.279259360044477,12.565022464060185,13,113,51.61233221258978,49.99999999999999,20.23232109736356
BEN.4.5.1_1,0.0,255.0,96.13265940211724,79.0,66.59203497572032,0.0,75.35892486572266,17.91861313503289,12.689812713026612,16.457801733260048,0,93,27.253156971970093,22.999999999999996,21.041274315238713
BEN.4.5.2_1,0.0,147.0,75.69950818611275,80.00000000000001,33.7275737386625,0.0,22.096359252929688,9.965610974858532,10.19030451965332,4.981772716582802,0,53,19.126286158027575,15.000000000000002,15.48390257592531
BEN.4.5.3_1,0.0,157.0,64.47196243697805,64.0,37.99207604299787,0.0,30.800212860107422,9.90447646926587,8.061930656433105,7.25653368690982,0,43,11.937843974906666,5.999999999999999,13.305504273995316
BEN.4.6.1_1,0.0,175.0,76.87400066449324,76.0,35.91017722397086,0.0,110.42974853515625,33.1253550903046,28.221419463453746,23.948140819895404,42,176,107.32961978528567,108.0,29.4263357752575
BEN.4.6.2_1,0.0,112.0,56.4101040395667,57.0,22.50050253161136,0.0,64.27651977539062,17.674256774550717,14.811602115631104,12.525531515088357,60,168,106.4833974460475,105.0,19.259630346457993
BEN.4.6.3_1,15.0,177.0,103.28781793842035,106.0,38.21754955187472,1.5582669973373413,59.02848434448242,27.19529574785341,23.870553970336914,13.378989577776597,49,132,87.0610364161961,85.00000000000001,15.41083166603571
BEN.4.6.4_1,0.0,122.0,60.8757366128619,63.0,25.61654609751446,0.0,66.52105712890625,19.176323487099108,15.237033227903654,13.277157300696457,49,133,82.92781620975315,81.0,17.977145297283883
BEN.4.6.5_1,0.0,134.0,52.485052900660364,47.0,32.34900457569656,0.0,49.58401107788086,10.329190340750957,6.575572490692139,10.776289534178172,37,96,52.56820279769934,49.0,11.26970723653581
BEN.4.6.6_1,0.0,185.0,82.1595778545018,83.0,35.022439089961836,0.0,57.03316879272461,14.248601243461438,12.55872269822515,9.886650255865188,48,132,81.06392174147261,82.0,17.106528357061457
BEN.4.7.1_1,0.0,325.0,149.5625387966315,156.72511848341233,74.08117600594709,0.0,160.33888244628906,44.52687512946578,35.46591560545373,33.25056874007593,113,282,173.20282466943894,169.0,34.8417086776947
BEN.4.7.2_1,0.0,271.0,96.42363348391852,86.70413739266199,53.974220652708205,0.0,119.00729370117188,31.6857431301603,18.77100075633321,29.820365486498478,121,266,174.40063173808954,163.0,35.24409492129372
BEN.4.7.3_1,0.0,191.0,85.86322746259245,80.0,43.773313461721855,0.0,66.2365951538086,25.653689417715132,22.229601860046387,15.985101531122247,125,241,179.55287719969826,176.0,19.545563445336313
BEN.4.7.4_1,0.0,338.0,124.0150457721987,96.65556055830706,82.66319824637692,0.0,161.9036407470703,36.52983977165268,23.607573385450934,36.43146440202262,133,318,188.7053306755426,180.0,37.15325793454831
BEN.4.8.1_1,0.0,316.0,169.65141268054586,180.37596756358275,69.73927199521617,0.0,144.03663635253906,48.209981073230615,38.45161316156308,31.915950599717046,54,220,135.73730384691783,137.0,37.09096969930534
BEN.4.8.2_1,0.0,381.0,175.8319091752738,162.41191236878137,88.31540397449079,0.0,232.0413055419922,78.49118041824264,71.3810674879286,53.478602732724255,39,305,140.6674374280101,128.5,60.53792894849314
BEN.4.8.3_1,0.0,275.0,126.5447296876175,118.86200551977922,59.11779623227634,0.0,128.1133575439453,44.75586192925235,37.61043904015684,28.982724676555367,13,168,69.58055642119515,62.0,34.951979205197766
BEN.4.8.4_1,0.0,204.0,106.66135696797902,108.0,42.98270673371826,0.0,111.85162353515625,33.58327232034534,30.743828116685783,21.182767539649777,15,164,86.36732147736781,90.0,29.411004724219666
BEN.4.8.5_1,0.0,193.0,85.43654047452895,88.0,34.18612020434634,0.0,83.94860076904297,26.009366860210275,20.593695640563965,18.727421854874784,8,114,45.93750000000001,42.0,22.676880467871715
BEN.4.8.6_1,0.0,166.0,77.62271982696926,77.0,35.964557996036916,0.0,107.74433135986328,27.672742488665627,18.780162540011936,24.279203845405114,0,168,39.85130170645205,29.0,33.47364679173948
BEN.4.8.7_1,0.0,201.0,110.7398148593679,114.0,37.58527404386912,0.0,93.38758087158203,30.29075146538202,24.7402101488472,19.02811319313809,8,164,57.45851732038359,54.99999999999999,26.86830727321296
BEN.5.1.1_1,0.0,212.0,106.2677273770366,108.0,46.124623265622844,0.0,59.86418151855469,24.619428361446104,24.693138758341473,12.917182225249723,36,126,71.83028634080421,71.0,20.45756204192281
BEN.5.1.2_1,0.0,177.0,106.01739345664012,108.99999999999999,41.48258767767977,0.0,81.1423568725586,29.155267756040832,23.896493434906006,19.13226748238127,26,119,66.90907249898747,61.0,25.165531865685654
BEN.5.1.3_1,11.0,212.0,107.88547232981027,108.99999999999999,46.92636678215427,1.1012016534805298,100.174072265625,25.652325202904887,21.837884798645973,19.59509570265196,72,171,105.65643011882098,104.0,22.806295872038543
BEN.5.1.4_1,11.0,86.0,41.97658411064651,42.0,17.232064977969667,1.105979323387146,21.29348373413086,7.522285754590912,5.936872124671936,4.8764375275571386,59,101,73.46072692183982,73.0,9.696790173754918
BEN.5.1.5_1,0.0,221.0,105.39589107121348,101.0,49.896308019161964,0.0,123.33977508544922,29.34279052105017,20.12098477654538,26.702794135122346,59,221,115.42794312567787,107.99999999999999,33.75839007616483
BEN.5.1.6_1,0.0,241.0,122.62736402603981,121.0,58.65456742550406,0.0,77.26673126220703,26.930107493218742,26.35970933824977,14.880692766199799,16,107,61.08104702728743,65.0,21.224402933764676
BEN.5.1.7_1,0.0,126.0,69.57838846480068,75.00000000000001,28.003862211566524,0.0,39.990230560302734,15.100761188401112,14.680956720922538,8.18028113299531,54,123,87.22530958439356,89.00000000000001,17.06115939186228
BEN.5.1.8_1,0.0,249.0,135.02153155895243,139.0,54.62418954063061,0.0,111.34437561035156,33.04439357102138,30.665336121535645,18.790514453528317,66,234,126.66741632565632,122.0,32.57422419018301
BEN.5.1.9_1,0.0,247.0,122.63502830469763,122.0,57.26774434366536,0.0,132.10992431640625,34.55561987482837,22.420755697788444,30.72457995654246,60,210,106.10236369053537,99.0,30.587695613224856
BEN.5.2.1_1,33.0,194.0,129.3359060541932,134.0,36.40246736295768,4.685990810394287,61.73558044433594,22.5399196786828,19.880459308624268,10.445752224700605,64,139,89.74009294991497,86.0,15.834137339812587
BEN.5.2.2_1,0.0,68.0,23.53487188189378,22.0,18.233613094081118,0.0,23.652021408081055,4.667752020613522,2.5737078189849854,5.707304037896057,37,71,46.18004412014256,45.0,7.955454493512432
BEN.5.2.3_1,0.0,178.0,92.88869682532989,96.0,47.28772450529724,0.0,52.4989013671875,16.28412159426356,13.142358779907227,11.95753203497262,22,63,40.16628019731018,38.0,9.522065018798298
BEN.5.2.4_1,44.0,129.0,82.90209646478486,81.0,20.95034224660685,4.8710784912109375,30.485675811767578,14.576424383208925,13.316720148412193,5.075102277304854,45,79,60.638188544806816,60.0,8.31027842178131
BEN.5.2.5_1,22.0,184.0,117.6491254298101,122.0,37.70479128152156,2.5805423259735107,51.20419692993164,18.451404947811465,17.399126843335157,7.631779874520736,15,56,34.9285020182389,34.0,9.698508400647434
BEN.5.2.6_1,0.0,167.0,89.18438172114388,95.0,44.7792580670586,0.0,54.383216857910156,18.51378244865732,17.8649959564209,11.755460970025775,35,99,62.416558243275524,60.0,15.913000436151238
BEN.5.2.7_1,11.0,209.0,80.89566065333983,69.0,44.32675565716313,1.10594642162323,32.90993118286133,12.694931212852131,11.090373992919922,7.120749625448888,42,108,76.22100084216126,76.00000000000001,16.97110761418782
BEN.5.2.8_1,0.0,267.0,141.74081507758697,148.3808174828005,59.08669904466023,0.0,97.73677062988281,26.92121876848184,26.263976871362033,13.051304999101808,49,160,90.61721537631738,92.0,18.926461712757206
BEN.5.2.9_1,64.0,209.0,137.21073738137233,138.0,32.69281887936332,7.999831199645996,50.869022369384766,21.999037151263792,21.916180942810136,6.956870274425631,51,100,73.0178046527253,72.0,11.11044732935709
BEN.5.2.10_1,11.0,107.0,48.400434385002285,45.0,23.975814353490552,1.1030828952789307,52.635475158691406,14.868747824129306,11.862549169971597,12.152291513132143,40,99,63.36659807956101,60.0,14.735426621973614
BEN.5.3.1_1,0.0,310.0,177.82127192452225,188.75,71.63775467228987,0.0,137.77964782714844,52.597852671127235,44.408007808125774,34.760418723615096,68,208,134.0393831393354,131.0,30.278548862267638
BEN.5.3.2_1,0.0,220.0,83.97212216799157,79.0,44.46115570588953,0.0,74.26082611083984,22.216975210115383,19.144410689948742,15.050583770656603,58,159,111.58653210852738,114.0,22.155606975763497
BEN.5.3.3_1,0.0,48.0,21.52805792604085,22.0,11.79664500327671,0.0,16.553836822509766,3.872309919195272,2.664179801940918,4.138679268601817,51,97,64.88897508835444,64.0,8.508166012066793
BEN.5.3.4_1,22.0,124.0,72.57397075798382,71.0,27.060729028530545,2.2055535316467285,32.59400177001953,15.509576010126109,13.136916160583496,7.417474099531553,32,68,48.1438053097345,47.0,8.886631657845529
BEN.5.3.5_1,22.0,119.0,75.27600462034167,75.0,22.512565361894087,3.307732582092285,39.36000061035156,13.987713230686046,13.59675553775726,6.559006776897493,32,78,49.2110766611952,49.0,9.922009927012553
BEN.5.3.6_1,0.0,64.0,32.8081174285967,33.0,14.197345990118302,0.0,23.899866104125977,7.287976945181278,5.529791831970215,5.043587186224864,53,85,67.45742329118401,67.0,8.258325874595162
BEN.5.3.7_1,0.0,101.0,57.36139864119803,60.0,22.624597188882362,0.0,39.36000061035156,12.952555995797736,11.665027759253341,7.149291904466565,41,91,65.92334507167503,64.0,11.506029918690292
BEN.5.3.8_1,0.0,64.0,28.02872716558633,27.0,13.208307045189402,0.0,21.926965713500977,5.8059032938026585,4.2264227867126465,4.87498118634382,41,76,55.560695344726,55.0,9.278873854083795
BEN.5.3.9_1,0.0,164.0,58.27265693877181,55.0,31.302362661940634,0.0,38.40362548828125,10.804584380170278,9.10497457571447,7.2565260307662705,65,119,85.98296119037765,85.00000000000001,11.369380811088865
BEN.5.3.10_1,0.0,59.0,28.048647436855475,27.0,12.638169316800079,0.0,24.249610900878906,6.658376963411885,5.790987491607666,5.0155694374637765,52,97,75.78291735166641,78.0,11.354648666316676
BEN.5.4.1_1,11.0,145.0,78.4047293528311,78.0,31.3794137491038,1.105979323387146,108.36473083496094,28.16092335065644,20.26675169808524,23.730406473300828,23,191,78.46401032495162,72.0,33.22190442003183
BEN.5.4.2_1,11.0,220.0,120.83109705387379,124.00000000000001,43.212139091947805,7.741878509521484,145.4871063232422,57.15288225227072,49.49557964317118,32.40711669395611,9,177,77.55072720009953,72.99999999999999,38.00312787381827
BEN.5.4.3_1,0.0,304.0,143.15493948583443,148.587967183227,65.38359041306697,0.0,128.8330078125,44.811318517043134,38.5224061469237,27.023275267472425,0,209,88.33819632270571,83.0,48.203147946568855
BEN.5.4.4_1,0.0,154.0,74.64158953893181,79.0,31.948747294621718,0.0,89.45852661132812,26.6975693926736,19.799765709534437,20.039065095861297,11,104,49.55328182049759,48.0,20.653578095699945
BEN.5.4.5_1,0.0,173.0,92.13311544813787,97.00000000000001,37.0434054279869,0.0,96.37171936035156,34.77280408719398,32.758541107177734,21.6415349987742,40,180,89.25707739189093,86.0,32.32973943112717
BEN.5.4.6_1,0.0,82.0,29.910629985349185,27.0,22.35378547935216,0.0,40.84728240966797,10.2791614285436,5.767434597015381,10.891048612370447,0,50,14.739540940908348,13.0,13.173263973705614
BEN.5.4.7_1,0.0,64.0,33.28661916072842,37.0,18.6748493969831,0.0,16.901845932006836,6.098985940807883,5.767434597015381,5.143565562514889,0,19,5.540775930324624,5.0,5.9107952087684446
BEN.5.4.8_1,0.0,122.0,63.50972177025709,65.0,31.02828918693679,0.0,44.175262451171875,12.367962831681615,11.106714248657227,9.737233316672548,0,60,18.829441913439634,17.0,12.679781524306017
BEN.5.4.9_1,0.0,283.0,138.37545766025747,124.78192908882961,69.21510023699182,0.0,142.52066040039062,56.33727886841208,55.65338287353516,33.284053465706634,15,218,90.74753603707353,87.00000000000001,47.00689044815752
BEN.5.5.1_1,11.0,295.0,138.0747318015265,133.0,59.16404399037685,6.333444595336914,79.23344421386719,32.06318155591119,28.692764600118,15.324555789462766,49,158,92.84707065095175,95.0,19.445713859224284
BEN.5.5.2_1,0.0,263.0,151.58327769617657,150.4047619047619,61.46339460881739,0.0,95.68788146972656,32.209217930854926,29.747468244438153,17.75221731665835,20,171,85.65599175086423,84.00000000000001,29.101002023549963
BEN.5.5.3_1,14.0,150.0,77.13582159754313,76.00000000000001,32.83427711482226,9.789789199829102,76.96422576904297,33.39616175695009,32.692374846073974,13.198050432372227,28,109,65.18714550535377,63.0,20.497153881264058
BEN.5.5.4_1,11.0,218.0,91.93285569189383,86.0,50.856846406280766,1.1059601306915283,60.51356506347656,19.620790070131886,18.389185697484344,11.14808965864421,9,78,40.69065854127205,42.0,16.015111236363076
BEN.5.5.5_1,0.0,102.0,51.84860644181759,53.00000000000001,20.92528209596821,0.0,58.07735061645508,16.58996440965846,12.668053587718546,13.275157566905813,22,70,45.345045728952016,46.0,12.373049110492422
BEN.5.5.6_1,53.0,214.0,149.31585403250534,145.0,38.86380143177447,11.146759033203125,97.06251525878906,41.80958458910103,42.6309821827261,21.050652721613186,65,176,103.5436215884698,104.0,27.273546980240784
BEN.5.5.7_1,0.0,178.0,107.9179455764766,108.0,38.19487128640653,0.0,49.627620697021484,22.13417047484728,21.450563430786133,11.609650301960112,0,68,26.134543461439254,24.0,15.325857575356842
BEN.5.5.8_1,37.0,143.0,94.07284533648169,98.0,27.353769989507647,3.7734978199005127,35.42341613769531,17.726569943670114,16.937667846679688,7.454844181046481,10,54,26.353010625737898,23.0,10.4023025963272
BEN.5.5.9_1,11.0,241.0,97.15616504078046,86.0,56.99017655225008,1.102014422416687,70.08451080322266,22.87307144147425,20.90717124938965,14.230106773934486,83,196,133.45588784050327,133.0,23.64739078680478
BEN.5.5.10_1,0.0,221.0,102.31548865106434,89.0,59.08575735118477,0.0,60.51356506347656,21.383873873150634,20.846001206564473,11.926723864532995,1,71,30.754745383982126,31.0,14.674209180044006
BEN.5.5.11_1,0.0,230.0,135.97860123104888,150.0,51.66182669872871,0.0,59.214332580566406,23.464367485331522,22.43564168168751,12.718329261177379,0,82,33.40851819721569,30.0,20.02373532849452
BEN.5.5.12_1,11.0,199.0,99.62250111709045,102.0,40.894906538002054,1.1059534549713135,84.7017822265625,39.76351131587253,39.662872314453125,23.880676407646497,0,126,62.1167796708954,68.0,35.619685848803044
BEN.5.5.13_1,0.0,75.0,35.690895918860186,37.0,20.719275223240057,0.0,49.49506378173828,12.140135398408521,11.383368492126465,12.471552718273283,0,54,9.769379376962085,9.0,13.04347294664013
BEN.5.5.14_1,0.0,205.0,94.12191670322511,91.0,42.3362723890117,0.0,84.8686294555664,20.260168384950983,18.264798402786255,12.732460694416382,26,159,57.321978970606956,56.0,19.49126734034027
BEN.5.6.1_1,0.0,57.0,21.352722772277225,15.0,14.677306746584447,0.0,13.988910675048828,3.091745681072226,2.08201003074646,3.2431279118990117,77,94,82.98118811881187,82.0,4.731102760808872
BEN.5.6.2_1,44.0,298.0,174.79823441605367,178.99999999999997,55.586991100477604,4.423760890960693,103.67715454101562,38.746650234886864,36.21479700218816,18.689743055019736,62,208,120.95117964512706,121.0,26.20835525201094
BEN.5.6.3_1,0.0,53.0,14.774887270204646,11.0,13.920574700780136,0.0,13.220498085021973,2.5064598988874724,1.5614607334136963,3.2487131301515655,81,100,85.65348595213318,84.0,5.595140748899938
BEN.5.6.4_1,0.0,197.0,85.51614544701846,75.0,50.07890123643767,0.0,169.17547607421875,52.8599544198147,38.496331214904785,45.47132731206071,65,241,134.0172062856847,128.0,43.00440633606292
BEN.5.6.5_1,0.0,217.0,97.18025580631031,97.00000000000001,48.530322936927355,0.0,101.85289764404297,24.908295827814108,18.722470474243163,21.018688722728957,61,186,103.09568087204215,98.00000000000001,23.574109974255382
BEN.5.6.6_1,11.0,221.0,102.2714875516077,104.0,43.429302914009284,1.1023091077804565,73.26718139648438,24.70132637731674,20.20259748186384,15.222843854409989,89,216,137.94062986931755,135.0,23.974938849504213
BEN.5.6.7_1,0.0,75.0,36.16073262581309,37.0,22.442037824769724,0.0,30.807918548583984,7.252846532613195,5.92046594619751,7.109380403569721,82,116,92.13368709346118,90.0,8.39252128863827
BEN.5.6.8_1,15.0,221.0,122.52210433244915,121.0,48.135665424462694,1.5614607334136963,143.9369354248047,41.73104220311053,33.35120006535677,30.477565937433916,77,222,126.58334024093723,117.99999999999999,30.80791129186137
BEN.6.1.1_1,0.0,141.0,51.07190940779404,53.0,24.756057824490952,0.0,72.40296173095703,12.98807701778963,11.849294174795208,10.64667260297736,45,131,67.12220357426092,65.0,12.86254347639485
BEN.6.1.2_1,0.0,272.0,118.98859383936575,112.50153588383134,61.981500009148306,0.0,192.0155792236328,53.6454467273574,38.616686607129644,44.730303009665555,0,255,76.00747446686808,62.0,54.89350882365676
BEN.6.1.3_1,0.0,453.0,251.50165358414367,252.608495068406,83.41386472186055,0.0,234.61219787597656,96.86370583245359,91.50243228217857,49.90021998177005,7,316,155.89456897826028,158.39261899287195,65.23993378629545
BEN.6.1.4_1,0.0,348.0,189.00877925609396,204.71929824561403,87.05473367311562,0.0,221.5184326171875,70.02446423714815,58.56874253703099,51.185906751823026,19,278,120.45102457026319,110.51823162667674,59.23029107180517
BEN.6.2.1_1,0.0,97.0,50.168588399720456,48.0,23.743126869754796,0.0,40.6896858215332,9.432799953813737,8.427324295043945,7.979715001217292,53,93,64.33746797111574,63.0,7.49599676827754
BEN.6.2.2_1,0.0,219.0,79.94629740182205,77.0,44.42202579682051,0.0,87.21256256103516,32.39687204691263,31.800355147022312,18.452279923939482,20,128,67.69241051729952,65.99999999999999,26.044907386550793
BEN.6.2.3_1,0.0,162.0,88.09128698198124,89.00000000000001,36.79366868937691,0.0,64.16783905029297,20.50833391173952,17.735088516542834,13.220273303014082,12,96,42.51110589000743,42.0,16.856514942578645
BEN.6.2.4_1,0.0,141.0,82.83052308736026,87.0,29.714041790737333,0.0,57.85084915161133,20.962042396891423,18.094658121062754,12.239590016252693,32,128,61.27646884231061,60.00000000000001,16.365394440097376
BEN.6.5.1_1,0.0,129.0,73.38698692930298,77.0,32.12965553046871,0.0,46.7900390625,15.215885175105976,14.092269159048264,9.835370442206308,6,63,27.288053016213958,26.000000000000004,11.655824556215846
BEN.6.5.2_1,0.0,228.0,101.45339953463652,101.0,48.007558788094514,0.0,143.7953643798828,34.94068715711891,27.42933867962536,28.398342377644436,8,187,70.76408151798854,65.00000000000001,36.37031185771204
BEN.6.5.3_1,53.0,161.0,115.0331367171357,120.0,24.94704890412526,5.327448844909668,61.21585464477539,21.991058133324483,19.870052092810845,10.842015936991213,12,89,38.00075139948154,37.00000000000001,16.96537194781195
BEN.6.5.4_1,11.0,134.0,66.94135572340909,66.0,29.281429841807668,1.1060407161712646,45.782318115234375,16.066113274912937,14.618356466293335,9.744206737939091,36,88,58.496806820760554,57.99999999999999,11.107100623645586
BEN.6.5.5_1,11.0,363.0,201.62738425084592,204.375,87.19649231181478,1.1060701608657837,179.61795043945312,53.28634634456509,37.49019784286913,42.14898468028946,23,237,98.8407620162466,85.99999999999999,48.97612746851696
BEN.6.5.6_1,0.0,300.0,147.39483918097244,154.66695727986053,66.35212428782461,0.0,231.43865966796875,80.75491384971588,61.46863269805908,57.90338935710237,48,298,137.53847696395448,119.00000000000001,61.56429567227334
BEN.6.5.7_1,0.0,325.0,121.20402122882216,114.57142857142857,65.25236272923198,0.0,159.87681579589844,46.5670391246573,36.515136700225135,32.69829837740463,25,218,91.49129073960675,80.0,40.92910776589146
BEN.6.5.8_1,22.0,222.0,120.5912078966115,122.00000000000003,36.06004334445651,2.6646761894226074,61.85282897949219,25.228780496847097,23.144398125622992,11.169772820941164,6,90,43.68841966012008,43.0,18.548818255793353
BEN.6.5.9_1,10.0,141.0,72.52913379241134,73.0,29.127567408009437,1.4635565280914307,69.7740478515625,14.95757250675622,12.262514591217041,12.063152019069099,1,129,33.63025174942152,27.999999999999996,23.14571075556696
BEN.6.6.1_1,0.0,142.0,72.84228626786147,73.0,34.270148419613406,0.0,29.60641860961914,12.247695951763204,12.20881462097168,7.630052106429876,0,45,15.104335190118674,14.0,10.849844966748103
BEN.6.6.2_1,0.0,90.0,51.52450584484588,55.0,21.897038954174374,0.0,37.798892974853516,9.653636558306712,7.128904342651367,7.966121716266458,0,46,11.702316684378319,10.0,9.7962946022859
BEN.6.6.3_1,0.0,138.0,66.2627027511426,64.0,33.431309625470625,0.0,30.007862091064453,12.122899519183623,10.562247102910822,7.72844515673466,0,43,15.775069450667631,12.0,11.55243038659079
BEN.6.4.1_1,0.0,107.0,44.63707393300128,42.0,23.74606153470577,0.0,48.55748748779297,7.802037957177076,5.70580267906189,8.640664746796288,24,78,38.88997949018459,36.99999999999999,9.228952119955824
BEN.6.4.2_1,0.0,158.0,96.7453770011776,103.0,39.808418007902766,0.0,65.70164489746094,30.600589267953854,29.677821545765315,16.276143103914237,23,99,59.679588783856886,58.99999999999999,17.512591095913823
BEN.6.4.3_1,0.0,129.0,61.396156533892366,64.0,37.03332774414185,0.0,33.669464111328125,11.523871757740906,12.131844694718069,7.488115251542195,24,59,39.00398322851152,39.00000000000001,6.525660650226093
BEN.6.4.4_1,0.0,161.0,64.1786460025057,57.0,35.57535931420047,0.0,47.903297424316406,18.776791905201836,18.07238831379516,10.149531981104426,33,95,63.05765393717225,61.999999999999986,12.50961856072669
BEN.6.4.5_1,0.0,146.0,77.21810721517636,76.0,28.047838362991225,0.0,61.262088775634766,22.358643380402373,21.289460541365983,9.756761837538214,53,110,79.89675476926357,81.0,11.707720714847273
BEN.6.4.6_1,0.0,95.0,43.26826146091687,43.0,22.56419853563506,0.0,51.663055419921875,10.591347184550507,7.703124523162842,12.476493035497239,41,83,54.964637170973674,53.0,9.566202079311427
BEN.7.1.1_1,0.0,138.0,67.86140485614698,70.0,33.98366477966724,0.0,69.43978881835938,13.685751953226138,12.739458799362183,14.248849616577642,0,146,33.31603355585752,27.0,32.625675555475915
BEN.7.1.2_1,0.0,164.0,72.86054338629319,70.0,35.18194572777232,0.0,94.04270935058594,31.984444361725096,30.126082142194115,17.521027973569392,53,190,124.18854940302727,130.00000000000003,34.906363577892314
BEN.7.1.3_1,0.0,37.0,15.176586649128577,15.0,9.687070515901874,0.0,4.448788642883301,1.8697070660108177,1.8418627977371216,1.2040070876034805,0,16,1.0511344952318318,0.0,4.659678516605662
BEN.7.1.4_1,0.0,102.0,42.39477005600695,42.0,22.272499994013934,0.0,51.62181854248047,12.347095613380132,8.698451042175293,11.948614931704048,0,102,30.750887433935468,30.0,20.98220964884726
BEN.7.1.5_1,0.0,140.0,57.74855180191726,55.0,34.65822377574501,0.0,59.82890701293945,24.982305210697692,19.681982040405273,16.999462284542407,23,87,56.72784128774286,56.00000000000001,15.959515419535773
BEN.7.1.6_1,0.0,73.0,30.84743258219431,31.0,15.936296795540537,0.0,39.250030517578125,7.813842876441021,5.033504486083984,8.077168721572594,0,47,13.563077207240484,10.0,12.602237455661946
BEN.7.1.7_1,11.0,143.0,77.32631060523148,78.0,32.883405156611715,1.1059139966964722,60.28673553466797,27.446351040191782,27.364369036834365,14.867776140407724,40,113,75.98169530480455,75.0,18.136017608446398
BEN.7.2.1_1,0.0,75.0,22.495610995610996,15.0,16.773938559351507,0.0,38.77490234375,4.145868091735811,2.084829092025757,6.633046206015519,0,73,19.613998613998614,13.0,16.46050499991027
BEN.7.2.2_1,0.0,31.0,16.212324179504353,15.0,8.624393618641033,0.0,3.1268301010131836,1.9590707770626736,2.0845444202423096,0.8345777178602901,0,3,0.03215003348961822,0.0,0.8624393618641034
BEN.7.2.3_1,0.0,52.0,30.13752001423234,31.0,13.322103866296697,0.0,16.174367904663086,5.983146999404431,4.792231559753418,4.010621637788847,0,16,6.2839352428393545,5.0,4.981338439774042
BEN.7.2.4_1,11.0,33.0,22.531320754716983,26.0,6.8574551663153205,1.105195164680481,4.690484523773193,2.9013708120022184,2.6686513423919678,1.105877736933215,0,4,0.37660377358490577,0.0,1.208253509496197
BEN.7.2.5_1,11.0,67.0,42.418681509827785,43.0,14.23474970533566,1.1059014797210693,16.607759475708008,7.099629250997706,5.860058307647705,3.9560910791199153,0,12,1.1574186815098275,0.0,3.4707223574174466
BEN.7.2.6_1,0.0,37.0,15.841768470040721,15.0,8.735290843609556,0.0,12.979293823242188,2.206073207334652,2.0845444202423096,2.969271720418036,0,24,3.3630017452006977,2.0,5.815952726978528
BEN.7.2.7_1,0.0,31.0,21.12197724039829,22.0,7.4690822784760265,0.0,3.3177096843719482,2.3652388698091547,2.668520212173462,0.7890981499849568,0,3,0.38442389758179224,0.0,0.9315409787235999
BEN.7.2.8_1,0.0,57.0,27.92261427425822,30.0,14.790946973839585,0.0,15.624921798706055,4.4513517020220945,3.775317430496216,4.124323696383479,0,12,1.986367281475541,0.0,3.813552698356555
BEN.7.2.9_1,11.0,104.0,60.842993024730525,64.0,23.316078276006014,1.4737985134124756,53.531917572021484,15.242651575036493,10.981395721435547,13.80430664499997,11,143,38.148002536461654,31.0,30.322334188140662
BEN.7.2.10_1,0.0,119.0,53.52842597862517,44.0,33.78495805833508,0.0,69.43978881835938,12.165134129959661,4.820114527484612,13.798002925361502,1,118,26.245683930942892,13.0,24.783938319321184
BEN.9.6.1_1,0.0,90.0,53.58554314956966,55.0,21.336186432301414,0.0,37.0306282043457,12.339954808905501,10.79529094696045,8.38775895392684,0,72,32.35205861828332,32.0,17.003046779128812
BEN.9.6.2_1,0.0,75.0,26.383100669617516,26.0,14.598643638620304,0.0,38.77490234375,7.029140305538045,3.866552734375,9.867886373668998,12,82,31.141470888661893,30.000000000000004,15.941710935991754
BEN.9.6.3_1,11.0,78.0,44.42052826691383,43.0,17.004313678401413,1.105576753616333,37.0306282043457,12.039136469916576,11.894484519958496,8.303729397534507,12,72,33.134615384615394,25.0,18.647201190658556
BEN.9.6.4_1,0.0,95.0,36.22235757121438,31.0,21.228054047782116,0.0,48.89409255981445,8.756388707340564,4.2955474853515625,11.397793296251471,10,77,24.777361319340322,19.0,17.023700463698727
BEN.9.6.5_1,0.0,102.0,42.9572134243789,37.0,27.47289473518063,0.0,36.471702575683594,8.840543592147629,5.529480934143066,9.716252655035158,12,99,35.99012058695337,31.0,22.03800184629335
BEN.9.6.6_1,0.0,72.0,37.79664179104477,42.0,16.650817464083325,0.0,16.682323455810547,5.480272261743365,5.2122087478637695,4.083700111926253,0,28,11.633444619010211,11.0,6.28410693734599
BEN.9.6.7_1,0.0,67.0,25.10818978543367,26.0,13.79608441807574,0.0,16.607759475708008,3.3780283212445585,2.6695070266723633,3.4564831908789033,2,19,8.826080386823817,9.0,3.5537849216690724
BEN.7.4.1_1,0.0,140.0,57.02570289550988,50.0,33.901541058339824,0.0,59.67121887207031,20.00202486638106,15.89968490600586,17.698612464545405,10,85,35.48085396558962,32.0,19.73484558055151
BEN.7.4.2_1,0.0,104.0,35.61163668179582,36.00000000000001,19.333418027642683,0.0,28.89207649230957,6.894338279944614,5.569503307342529,5.070345311530899,27,53,39.12921747689617,38.99999999999999,6.390314693632591
BEN.7.4.3_1,0.0,58.0,33.0896,36.0,14.874868335181345,0.0,18.944257736206055,6.79400026576519,4.231816291809082,5.441835895134654,0,43,26.887999999999995,27.0,12.41463042818848
BEN.7.4.4_1,15.0,73.0,47.81900205058098,48.0,14.583435562232372,1.5633949041366577,22.528799057006836,10.040317648881437,8.872366905212402,5.142206855797695,0,26,10.131784005468216,10.0,7.235873140872727
BEN.7.4.5_1,0.0,46.0,25.15388711395101,25.0,13.821953552229873,0.0,15.554519653320312,4.205691074315732,3.926039218902588,4.067804537971006,12,36,19.11661341853035,18.0,6.6211781428987395
BEN.7.4.6_1,0.0,60.0,20.33123297002725,15.0,15.70840013865184,0.0,15.554519653320312,4.08764969904676,2.2099626064300537,4.436231272664313,16,43,30.79189373297003,29.0,6.495826608746447
BEN.7.4.7_1,0.0,179.0,71.23448784082534,64.0,39.97566886881214,0.0,57.71460723876953,18.83327870840261,17.09436798095703,12.9827779366223,18,79,40.22586588061902,38.0,14.156030381400084
BEN.7.4.8_1,11.0,73.0,42.863883026831466,42.0,16.88394515835472,1.1050982475280762,16.20616340637207,6.5058572151447445,6.253552436828613,3.559571188186091,29,53,39.552607778112744,41.0,4.933522377601781
BEN.7.5.1_1,19.0,126.0,80.96338659277163,83.0,24.467330229995497,3.775355100631714,57.35541534423828,22.43512084919722,19.376893997192383,11.894775397650655,0,116,65.78586168268379,74.0,32.180253825445334
BEN.7.5.2_1,26.0,133.0,80.8484604316547,81.0,21.768520407359432,2.669494152069092,53.780914306640625,23.118347506708393,21.13795960993925,10.698668215461623,26,94,52.95200000000003,51.0,16.186567280231476
BEN.7.5.3_1,11.0,115.0,53.607161719657775,53.0,22.749830474544865,1.105901837348938,38.58125305175781,12.902183820632915,11.909933090209961,7.760457863966941,0,69,19.310341185169538,15.0,19.030924468367868
BEN.7.5.4_1,15.0,83.0,49.84486607142858,48.0,17.906974122453587,2.084562301635742,17.560705184936523,8.035897538465049,7.547040939331055,4.054304373471685,39,53,46.668526785714285,47.0,4.329926545438039
BEN.7.5.5_1,33.0,106.0,70.93877221324718,70.0,17.823261178955292,4.881173133850098,24.37749671936035,13.969471257414687,11.688770294189453,5.469988579598991,31,55,46.55928917609048,46.0,5.669160606786129
BEN.7.5.6_1,0.0,92.0,38.709869349199515,37.0,21.305790822044862,0.0,38.58125305175781,8.780733713897204,5.86870635074118,8.269827504956876,19,85,40.47647672207569,38.0,12.799531832974235
BEN.7.5.7_1,0.0,56.0,26.121346886912324,26.0,12.769347886036458,0.0,16.25107192993164,4.105407032230454,2.6694037914276123,3.9369824350866045,29,43,37.40740152477763,37.0,3.198109375749203
BEN.7.5.8_1,0.0,99.0,38.130393096836045,26.0,26.912320077129575,0.0,41.921302795410156,11.465970471201329,7.611424922943115,12.700839626136347,19,85,36.62835570469799,31.0,16.757813053820293
BEN.7.5.9_1,0.0,115.0,55.06782621904905,53.00000000000001,25.521484311769523,0.0,42.157649993896484,15.145485936572229,13.461932182312012,9.736950440854311,0,62,27.616132462403158,28.0,17.91095256488031
BEN.7.5.10_1,11.0,107.0,51.8174716690505,53.0,23.98309894996597,1.1053489446640015,57.35541534423828,22.228206519483013,19.6252384185791,13.938897539440953,11,94,35.9300253053141,32.0,18.953823334892725
BEN.7.5.11_1,37.0,84.0,65.20628465804067,64.0,13.097614286579057,4.420792579650879,19.80413055419922,9.863035280647207,8.437439918518066,4.170742955792185,36,53,43.41109057301295,42.0,4.990991885387097
BEN.7.6.1_1,11.0,42.0,17.664092664092664,15.0,9.196248564187517,1.4735161066055298,11.894082069396973,2.935915662112384,2.578653335571289,2.551895181000567,0,14,3.1829150579150576,3.0,4.1171127363664235
BEN.7.6.2_1,0.0,43.0,19.384929472902748,22.0,11.87154555018006,0.0,16.25107192993164,6.195409219842003,2.605747699737549,5.7339175882159,20,43,29.11878247958426,28.0,6.6226410894748025
BEN.7.6.3_1,0.0,37.0,15.203922789539233,15.0,10.03176772240883,0.0,15.472222328186035,3.4546132047253573,1.563515543937683,4.360020405713426,8,26,15.293586550435872,15.0,4.58978384049612
BEN.7.6.4_1,11.0,59.0,39.750761302412734,42.0,12.58452900868246,1.4734385013580322,17.798566818237305,7.745960159808866,5.768370628356934,4.76849027949263,0,52,17.81635043335676,15.0,16.011655562576763
BEN.7.6.5_1,0.0,59.0,30.620636451301834,29.0,15.773368934182034,0.0,17.798566818237305,7.265674095558452,4.75390100479126,5.480372644527246,25,52,36.24455159112825,37.0,6.79382715477432
BEN.7.6.6_1,11.0,52.0,38.95249930958299,37.0,11.225814161640233,1.4736449718475342,15.624921798706055,7.971816916585593,6.721362590789795,4.565794624385862,0,21,8.68655067660867,8.0,6.1901195739876185
BEN.7.6.7_1,0.0,48.0,22.301980198019802,22.0,11.648867313772508,0.0,14.887939453125,5.320611732370758,3.1897547245025635,4.636588869343744,6,41,22.215801171953927,22.0,6.981297902837498
BEN.8.1.1_1,0.0,48.0,7.798866855524083,11.0,12.384200460773863,0.0,4.46334171295166,0.9321388678802872,1.1063477993011475,1.154826602452476,0,2,0.025967894239848917,0.0,0.7405919620773836
BEN.8.1.2_1,0.0,11.0,3.5749999999999997,0.0,5.185449728701348,0.0,1.1058796644210815,0.3594108127057552,0.0,0.52131656086738,0,0,0.0,0.0,0.0
BEN.8.1.3_1,0.0,11.0,3.0316265060240966,0.0,5.185449728701348,0.0,1.105879306793213,0.30478295755673607,0.0,0.5213162798884171,0,0,0.0,0.0,0.0
BEN.8.1.4_1,0.0,44.0,5.265108072342304,0.0,11.499969890361644,0.0,2.0857656002044678,0.46363522499523663,0.0,0.6838085564702272,0,1,0.04146449051610058,0.0,0.30689220499185793
BEN.8.1.5_1,0.0,15.0,7.516010498687662,11.0,5.7550928532909005,0.0,1.564299464225769,0.8151821259751406,1.1058785915374756,0.6516825035177789,0,0,0.0,0.0,0.0
BEN.8.1.6_1,0.0,48.0,13.07390983000739,11.0,14.404141416302062,0.0,3.947622776031494,1.3149748622974642,1.1058800220489502,1.2188711578666658,0,2,0.2261640798226164,0.0,0.7216024245882199
BEN.8.1.7_1,0.0,15.0,5.262652146060218,0.0,5.9835164523716715,0.0,1.8431333303451538,0.5862790235413106,0.0,0.7358329504429005,0,0,0.0,0.0,0.0
BEN.8.1.8_1,0.0,11.0,4.391129032258065,0.0,5.465943944999486,0.0,1.8440022468566895,0.47211863340870025,0.0,0.6757732309650111,0,1,0.04133064516129033,0.0,0.31426968052735443
BEN.8.1.9_1,0.0,44.0,4.472813238770685,0.0,12.82809416865966,0.0,2.0857656002044678,0.34684505178009645,0.0,0.7391160458234098,0,1,0.00591016548463357,0.0,0.3
BEN.8.1.10_1,0.0,58.0,12.160079840319364,11.0,17.297037318569906,0.0,4.921166896820068,1.2055097686554384,1.1058796644210815,1.4964128326924546,0,2,0.0502994011976048,0.0,0.6
BEN.8.1.11_1,0.0,11.0,4.30167597765363,0.0,4.969293465978882,0.0,1.1058789491653442,0.4324666281652183,0.0,0.4995851851137216,0,0,0.0,0.0,0.0
BEN.8.1.12_1,0.0,11.0,2.150641025641026,0.0,5.5,0.0,1.1058796644210815,0.21621358413726857,0.0,0.5529396533966353,0,0,0.0,0.0,0.0
BEN.8.1.13_1,0.0,44.0,9.31253978357734,11.0,12.599096796025275,0.0,30.425373077392578,3.4839539795753534,1.1058796644210815,7.1085037380405245,0,29,2.898790579248886,0.0,7.018204790949938
BEN.9.1.1_1,0.0,86.0,33.879823869064914,33.0,15.285362792410275,0.0,73.97193145751953,13.75778331940013,5.718037484311163,15.174177222456203,11,135,51.96253063598222,46.0,28.435467335986118
BEN.9.1.2_1,0.0,56.0,18.77575363261765,15.0,12.809676897651332,0.0,45.93293762207031,6.805432362859112,3.099151049801742,12.203991110553078,1,100,18.94773368032964,14.0,22.35625092799675
BEN.9.1.3_1,26.0,75.0,52.64801205954399,53.0,11.397319372944176,3.775639295578003,35.993839263916016,9.903089181928058,8.314467430114746,7.72969396662636,14,61,30.77312982852836,30.0,10.712868689364
BEN.9.1.4_1,0.0,53.0,21.672818012999073,22.0,10.849563021222526,0.0,7.0567851066589355,2.7414326761730763,2.580406665802002,1.3734751426730512,5,29,14.529828226555251,15.0,5.0550226941003755
BEN.9.2.1_1,0.0,95.0,50.72751686644397,55.0,24.410807032951617,0.0,34.497135162353516,9.962613992890311,9.114953994750977,6.832642698619349,46,110,66.27123861924413,65.0,12.89648692474039
BEN.9.2.2_1,0.0,105.0,54.58495562202717,54.0,25.315719758096332,0.0,60.752872467041016,17.935073712601284,13.995944023132324,12.251762703202495,49,134,88.18668170450644,86.0,21.89387133164502
BEN.9.2.3_1,0.0,68.0,28.278807770779736,31.0,13.372280958119779,0.0,14.823991775512695,4.43031734291054,3.7757105827331543,3.0390744187586436,35,64,43.51060054998669,43.0,5.011147822345554
BEN.9.2.4_1,0.0,115.0,62.00061570938515,62.0,27.688808845375682,0.0,42.336421966552734,17.095067023517945,14.336125373840332,10.352850784318136,23,87,46.08276893306358,44.0,16.353383214486026
BEN.9.2.5_1,0.0,65.0,27.686080057699247,26.0,15.084362143276422,0.0,18.88551902770996,5.23975522990825,3.3175148963928223,4.680010175639296,35,74,50.75324558240172,50.0,8.128984254850572
BEN.9.2.6_1,0.0,76.0,29.170353625060553,27.0,16.856997578066466,0.0,7.26483154296875,3.4065240702605233,3.3176584243774414,1.8821039237826334,34,56,40.50702405942193,40.0,4.464462853628477
BEN.9.2.7_1,0.0,115.0,65.62552034189933,68.0,27.035124545370113,0.0,55.71802520751953,19.625920758803435,19.050810062332662,11.633124802636786,34,134,74.39096408947108,69.0,22.585032989099233
BEN.9.3.1_1,0.0,121.0,32.036153599315426,25.0,25.718594629059293,0.0,39.48456954956055,8.702950296726874,4.98476505279541,8.185144809704441,17,57,29.01700716654188,26.0,8.916777925429598
BEN.9.3.2_1,0.0,128.0,35.959016393442624,33.0,26.20781133555414,0.0,18.11431121826172,4.59302046533874,3.853214740753174,3.4868903638287816,22,66,37.37238829958213,36.0,7.705152496868575
BEN.9.3.3_1,0.0,62.0,21.977928520805914,15.0,16.353492304754877,0.0,16.182777404785156,2.9692862502136035,2.0856831073760986,3.3635656633486657,22,50,28.616482737673383,28.0,5.9860538449163725
BEN.9.3.4_1,0.0,128.0,40.49436067909296,37.0,31.80389207200939,0.0,32.26224899291992,4.855801253594485,3.775844097137451,4.976695839965605,30,69,39.671732161937555,39.0,6.796598622056064
BEN.9.3.5_1,0.0,57.0,30.998717263495443,31.0,12.463717367743765,0.0,16.182777404785156,4.612963159972495,3.929473400115967,3.4525108464601737,26,65,34.33735970069481,33.0,7.544244716171835
BEN.9.4.1_1,15.0,85.0,48.33675710136713,47.0,16.016689468329265,2.2117512226104736,51.244869232177734,10.425051241984336,8.422888565063477,10.476361978594863,31,108,46.06261953672876,43.0,15.280627753500932
BEN.9.4.2_1,0.0,86.0,56.697885196374635,53.0,26.540849019326163,0.0,36.66909408569336,15.878950557920032,9.399538040161133,13.464109267654004,24,86,61.621349446122856,56.0,20.5
BEN.9.4.3_1,0.0,133.0,54.58603157613059,57.0,24.082765452429555,0.0,36.002838134765625,10.693442492818505,9.144665322545485,7.549817230679572,28,110,66.47756667558646,65.0,20.410001549860453
BEN.9.4.4_1,0.0,69.0,21.679674155827097,22.0,13.477300989761702,0.0,43.23695755004883,5.73021673889922,3.317641019821167,8.822451831496304,38,98,51.23466036000526,48.0,13.738341337839186
BEN.9.4.5_1,19.0,85.0,55.51311658057327,57.0,15.749247003061285,2.3776357173919678,23.581857681274414,8.200791534652563,7.552041530609131,4.0695311312265305,23,58,36.41132381241771,35.0,7.832542542744519
BEN.9.4.6_1,0.0,85.0,28.79130550740098,26.0,20.877519462709202,0.0,33.083980560302734,6.664586244018607,3.776810884475708,9.389032408730744,40,98,54.71876250166691,49.0,15.576132926853736
BEN.9.4.7_1,0.0,41.0,20.82410329985653,22.0,10.261851684759431,0.0,13.387441635131836,4.323525883306561,3.039235830307007,3.9548854154053963,36,65,50.72395982783357,51.0,7.931305062850626
BEN.9.5.1_1,0.0,37.0,18.703190013869623,22.0,8.788440498207434,0.0,6.293181419372559,2.675711040258738,2.211770534515381,1.5636621197124119,39,61,47.14063800277392,43.0,6.501365355007359
BEN.9.5.2_1,0.0,74.0,33.8816838007178,33.00000000000001,17.430342714560208,0.0,23.18733787536621,5.763262322439358,4.7551627326920585,4.6613546610070955,25,77,43.86890930105238,42.0,10.872787753654844
BEN.9.5.3_1,0.0,69.0,35.20105305791818,33.0,16.349573081426424,0.0,9.969534873962402,5.429703460052555,5.403149604797363,2.2653634190014,39,77,52.73349534224382,51.0,9.552053995722087
BEN.9.5.4_1,0.0,89.0,51.48405329027048,57.0,23.121008901680288,0.0,23.46524429321289,7.868918997034549,7.488283395767212,4.929671795633451,12,58,29.233981198454348,29.000000000000004,9.21494630787742
BEN.9.5.5_1,0.0,64.0,28.606355811973895,26.0,13.788469993509244,0.0,20.546384811401367,4.450249700207793,3.6613766613291276,3.722326106757638,19,73,37.12872410857846,34.0,11.179727360489403
BEN.9.5.6_1,22.0,59.0,46.34107735511873,48.0,10.078454995783872,2.211824417114258,7.362072944641113,5.357858683036121,5.339807987213135,1.2812934777094862,16,34,22.237937196834313,23.0,3.85317255978891
BEN.9.7.1_1,0.0,76.0,31.03455463801812,26.0,17.835367150574054,0.0,41.17295455932617,7.325972450541235,4.131410878108438,10.384620649054119,8,95,33.433977391164916,30.0,19.851844499379602
BEN.9.7.2_1,0.0,78.0,40.16889198884019,41.0,20.06372977666467,0.0,21.306852340698242,7.869384160467996,6.444362163543701,5.639540873531805,6,63,27.570147469111195,22.0,13.772199148565745
BEN.9.7.3_1,0.0,64.0,30.073750000000008,29.0,14.950103678570258,0.0,17.40654945373535,5.1470565041493295,4.23349142074585,4.217407160105975,2,49,17.47681818181819,17.0,10.1509408430943
BEN.9.7.4_1,0.0,93.0,49.78309810373192,54.0,27.547888014654635,0.0,36.7916145324707,13.180764179444848,14.084869384765625,10.088502220671721,7,67,34.201835656766804,36.0,16.066836984568717
BEN.9.7.5_1,0.0,98.0,47.84359900027771,45.99999999999999,22.21467565660114,0.0,60.752872467041016,10.655460759256657,7.818883307126105,11.267603855480578,17,85,31.56412107747849,28.0,14.457473070883923
BEN.9.7.6_1,0.0,78.0,31.489339811374684,26.0,19.515937333853675,0.0,20.771780014038086,5.1182763331888355,3.1718917534738087,5.334511079778444,0,39,11.945527293512432,12.000000000000002,10.371296911280101
BEN.10.1.1_1,0.0,22.0,8.070526315789474,11.0,6.913932971601797,0.0,2.21208119392395,0.8882271475540965,1.1058861017227173,0.7188905136765051,0,2,0.05052631578947369,0.0,0.6285393610547089
BEN.10.1.2_1,11.0,32.0,21.03451214316148,22.0,7.1822541786339755,1.10588538646698,19.886436462402344,2.81992743179856,2.606748342514038,4.190715399597498,0,24,1.8870899020025569,1.0,5.758700353186079
BEN.10.1.3_1,0.0,37.0,21.248101265822786,22.0,9.273955116149633,0.0,16.678171157836914,3.6155688956676295,3.6862781047821045,2.9129544685151894,0,21,4.305424954792043,3.0,5.655014442552155
BEN.10.1.4_1,0.0,26.0,8.502749770852432,11.0,6.887670143089025,0.0,3.1913347244262695,0.9273576874671784,1.10588538646698,0.8621896570412964,0,0,0.0,0.0,0.0
BEN.10.1.5_1,0.0,31.0,20.02066638549136,22.0,7.631658701283226,0.0,4.297657012939453,2.3808057839636168,2.212190628051758,1.0443748398798873,0,3,0.5525094896668074,0.0,1.1129934075543824
BEN.10.1.6_1,0.0,32.0,18.83827751196172,15.0,7.812809993849845,0.0,33.08516311645508,5.142751903130867,2.5803961753845215,7.997231229179848,1,50,8.988197767145136,6.0,13.567884875690831
BEN.10.2.1_1,0.0,91.0,34.72154445981637,31.0,24.731564518927534,0.0,21.864652633666992,6.7996688923915505,4.691276550292969,6.034200197001039,19,44,28.481197333668717,27.0,6.188439737883364
BEN.10.2.2_1,0.0,77.0,39.113223293768534,37.0,20.22198480392444,0.0,20.033781051635742,7.496244424484248,6.533479690551758,5.772129253581961,29,56,40.421921364985145,39.0,7.377648556060077
BEN.10.2.3_1,60.0,107.0,87.98567335243554,91.0,12.615056418324098,10.98264217376709,38.205135345458984,21.828299325140982,21.111148834228516,6.6759570097044465,23,54,39.98764326647565,41.0,8.45709530143181
BEN.10.2.4_1,0.0,53.0,24.99169632265717,26.0,11.532053549051865,0.0,12.0806884765625,3.4655768271159997,3.3173926973735894,2.0157763746640924,9,31,18.675385527876628,18.0,4.662718284464304
BEN.10.2.5_1,0.0,64.0,24.119236143455982,22.0,18.24958903646874,0.0,12.0806884765625,3.419062146209928,2.211303949356079,3.0578286312090053,16,33,22.759819903741665,22.0,3.385262175962157
BEN.10.2.6_1,0.0,61.0,29.399610452848563,31.0,15.583110515341067,0.0,48.751644134521484,17.66924132029163,17.047767639160156,13.76826954623184,20,88,49.6807336471352,54.0,20.361300590296164
BEN.10.2.7_1,0.0,95.0,51.71085429413097,54.0,25.31543279127574,0.0,43.23832321166992,14.614325344693096,13.360006455850446,9.428958045242066,20,87,42.423672482815924,39.0,16.375142721371905
BEN.10.2.8_1,0.0,61.0,28.079524492723923,26.0,16.781380883346934,0.0,47.230804443359375,16.596848056926717,11.28742504119873,14.27622088240731,23,88,61.33121541299447,65.0,21.243450414032562
BEN.10.3.1_1,0.0,102.0,31.347839256865914,31.0,18.934062545840387,0.0,24.329442977905273,7.456050451706511,6.274923801422119,5.553067921549476,5,44,20.82178917609047,19.0,9.271537942344114
BEN.10.3.2_1,0.0,206.0,54.22494697773067,41.0,51.679740711423854,0.0,24.329442977905273,8.744426304990009,8.524581909179688,6.3003053034746905,0,43,18.038176033934242,19.0,11.170693801192476
BEN.10.3.3_1,0.0,214.0,66.66681334800148,55.0,56.26187773997112,0.0,31.944686889648438,6.7155260154778675,5.206507545765315,5.579968516004958,0,40,11.089622295562892,10.0,8.103001116080296
BEN.10.4.1_1,0.0,27.0,12.308019713261645,11.0,6.219718557125026,0.0,4.423549175262451,1.5610016112259208,1.5639982223510742,0.894070283516324,0,13,1.3012992831541217,0.0,2.727845578147049
BEN.10.4.2_1,11.0,48.0,25.24224872231687,26.0,11.110355529864918,1.1058876514434814,5.79782247543335,2.930142609102356,3.1912014484405518,1.405234602216124,0,15,2.2879045996592846,2.0,3.758656674930553
BEN.10.4.3_1,26.0,59.0,47.15159510674022,48.0,8.467917176128687,3.03839111328125,7.056344509124756,5.513386764695644,5.707963943481445,1.086866104972076,4,21,8.845766370832335,8.0,3.982951835692191
BEN.10.4.4_1,0.0,42.0,17.96973336536152,15.0,11.288339638626319,0.0,7.005155086517334,2.273733006341509,2.0854156017303467,1.7527328394577104,0,14,4.308431419649292,4.0,3.8681989301176025
BEN.10.4.5_1,0.0,59.0,29.120000000000005,31.0,13.878061317687711,0.0,6.508815288543701,3.840583074051521,4.144055366516113,1.4357231252049347,3,22,10.691098265895958,11.0,4.547921915556598
BEN.10.5.1_1,0.0,27.0,9.711533944092086,11.0,6.795466069101803,0.0,4.423549175262451,1.1092900977830304,1.1059857606887817,0.9512215037205437,0,13,0.43222926943857176,0.0,2.6900972227368394
BEN.10.5.2_1,0.0,26.0,12.953268173488086,11.0,5.786311861512278,0.0,4.423551559448242,1.569801311887614,1.5640108585357666,0.9164674637373112,0,6,0.774282223579719,0.0,1.6064179133702083
BEN.10.5.3_1,0.0,53.0,20.520615911035073,16.0,12.056291580194411,0.0,5.79782247543335,2.6003346919605534,2.5804617404937744,1.4261277306567692,0,15,6.744396920444825,6.0,3.682939479529435
BEN.10.5.4_1,0.0,26.0,11.993740972556575,11.0,6.934659773401974,0.0,4.423551559448242,1.5874450746842972,1.5639854669570923,1.0490519094017947,0,13,3.1121810303322097,2.0,3.3687928746212292
BEN.10.5.5_1,0.0,37.0,15.145512480084971,15.0,9.05674838769548,0.0,6.292684555053711,2.3057794779839824,2.0852627754211426,1.387667723410717,3,17,10.46680828465215,11.0,3.429877600826733
BEN.10.5.6_1,0.0,11.0,7.422834645669291,11.0,5.185449728701348,0.0,1.1060223579406738,0.7462817873541764,1.10588538646698,0.5213345665581957,0,0,0.0,0.0,0.0
BEN.10.5.7_1,0.0,37.0,12.876356772062296,11.0,8.153798444022511,0.0,4.513020038604736,2.1753855476181374,1.8433706760406494,1.1440820422472733,0,28,7.598867390278434,5.0,6.5971578235995665
BEN.10.6.1_1,0.0,89.0,41.853243899618356,43.0,20.41459845071605,0.0,72.28710174560547,16.239310443766666,11.448841094970703,17.811996696380916,38,116,56.399097953047274,52.0,18.28849736316435
BEN.10.6.2_1,11.0,96.0,45.9373204214111,46.0,19.96839443578753,1.1052913665771484,69.38478088378906,15.679941052513662,12.752215499219192,17.759550327978282,38,124,57.18213259550924,51.00000000000001,20.258738685512068
BEN.10.6.3_1,0.0,95.0,33.36439267886854,26.0,23.70925576360983,0.0,63.7481689453125,10.334131792782747,5.211517810821533,14.66981818914678,48,115,62.31607043815861,58.0,14.866225967448356
BEN.10.6.4_1,25.0,121.0,67.52681731554586,67.0,20.3110480952892,2.669351816177368,53.19736862182617,16.329852688105895,12.177020072937012,13.56818906452712,54,126,70.58780288592432,65.0,15.844482290299643
BEN.10.6.5_1,0.0,77.0,41.2512253724171,41.0,19.1310304716034,0.0,40.99288558959961,16.089754975649786,17.43216896057129,9.834868010376667,36,77,52.496107640557426,53.00000000000001,10.232916512360687
BEN.10.7.1_1,0.0,31.0,12.041821764834685,11.0,7.86723161813184,0.0,13.894648551940918,1.813333237565318,1.474549651145935,2.3862149486187896,2,22,6.266695861615942,6.0,4.275121830622686
BEN.10.7.2_1,0.0,65.0,30.49615739317553,34.0,15.950746184892898,0.0,34.101226806640625,20.509126338085103,19.929256439208984,8.023687314272273,17,65,41.32616046726099,42.0,12.989268202457527
BEN.10.7.3_1,0.0,70.0,35.48969473070191,34.0,16.095702560114802,0.0,40.052974700927734,17.980889160114344,17.096437454223633,9.810993465527089,12,68,42.55055415127359,42.0,14.577767184178102
BEN.10.7.4_1,0.0,70.0,25.703299558326837,25.0,15.425057470206832,0.0,20.633447647094727,5.021466208421028,4.984281539916992,4.069637110936799,15,42,22.736295141595217,22.0,6.155613830695772
BEN.10.7.5_1,15.0,43.0,27.38910761154856,26.0,8.518886580500327,2.0853137969970703,6.0639424324035645,3.605862359205883,3.318012237548828,1.2145567124089476,2,12,6.915354330708662,7.0,2.896162133244756
BEN.10.7.6_1,0.0,78.0,31.332434774237036,27.0,18.32572790216847,0.0,27.64201545715332,6.2487269400219,4.984281539916992,5.882711877707018,5,44,20.181765668624244,20.0,9.147570362488812
BEN.10.7.7_1,0.0,29.0,13.440585774058576,11.0,8.388980867781259,0.0,13.894648551940918,2.1566022471403974,1.8430638313293457,3.0755970769978913,8,25,11.46192468619247,11.0,5.046270281108613
BEN.10.8.1_1,0.0,34.0,11.962352941176471,11.0,9.762271203883436,0.0,16.830636978149414,2.063251247359257,1.105884313583374,3.563643368540976,0,2,0.021960784313725494,0.0,0.4465937565388721
BEN.10.8.2_1,0.0,19.0,7.985815602836879,11.0,6.794115100585212,0.0,14.537267684936523,1.5505345587752952,1.1058835983276367,4.194850028754896,0,0,0.0,0.0,0.0
BEN.10.8.3_1,0.0,62.0,12.840329835082457,11.0,18.508274177182255,0.0,14.537267684936523,2.632579854939473,1.1058835983276367,4.8947758407017075,0,14,1.8388305847076458,0.0,3.7825510317366913
BEN.10.8.4_1,0.0,15.0,5.3925845147219205,0.0,5.717298313014636,0.0,1.5641123056411743,0.5432646931062739,0.0,0.5792108615346117,0,0,0.0,0.0,0.0
BEN.10.8.5_1,0.0,47.0,10.725305738476012,11.0,9.765383663225466,0.0,14.3799467086792,1.573532486253489,1.10588538646698,3.020901951692378,0,14,0.5142050799623706,0.0,2.8180188939545867
BEN.10.9.1_1,0.0,48.0,14.14679911699779,11.0,10.036921635559747,0.0,4.46334171295166,1.8134022607708606,1.8431339263916016,1.0961647866252842,0,12,1.4649006622516556,0.0,3.0712209232133847
BEN.10.9.2_1,0.0,89.0,29.753948703086515,30.0,17.061908082316304,0.0,31.944686889648438,6.862858216981237,4.424960613250732,6.396857001301601,0,32,6.134328358208957,4.0,6.798816427394746
BEN.10.9.3_1,0.0,48.0,21.854559251296315,22.0,10.377830939073924,0.0,16.830636978149414,3.3021676700034086,2.670093536376953,3.6221952354844795,0,12,2.2712786138864294,0.0,3.6721077053920954
BEN.10.9.4_1,0.0,71.0,21.07242188910962,16.0,15.289254268148591,0.0,16.64594268798828,3.6143811448657672,2.409420967102051,4.340480468132058,0,19,1.3197579916922522,0.0,4.596695292271188
BEN.10.9.5_1,0.0,67.0,34.580333747069375,37.0,17.286996173031064,0.0,18.56492042541504,5.203791319543026,4.6030426025390625,4.626311339621216,0,17,1.8771203971865955,0.0,5.5085851351017565
BEN.10.9.6_1,0.0,64.0,23.413161509779552,22.000000000000004,14.287586749872602,0.0,34.936241149902344,5.879445160644754,3.630057341676197,6.852787863077684,0,41,7.063845097141363,5.0,9.144206275029681
BEN.11.1.1_1,0.0,110.0,50.1502049609527,51.0,28.81421023339172,0.0,43.4193000793457,12.128189840578148,9.343148708343506,10.648620216108801,5,132,57.467580263905944,51.0,33.48059433819326
BEN.11.1.2_1,0.0,87.0,40.51974808816914,40.0,19.3307146720662,0.0,33.528564453125,9.604649342752714,8.376826286315918,7.521009804735999,8,49,23.124876293297348,22.0,9.975148666669025
BEN.11.1.3_1,26.0,121.0,70.14532782653593,70.0,21.813834326863233,4.4473137855529785,52.78656768798828,20.619007295471658,19.604732513427734,11.275831248398864,62,133,93.62132163138877,98.0,20.30088295617613
BEN.11.1.4_1,26.0,118.0,80.86935074696986,84.0,21.67901538541747,2.6688995361328125,44.93570327758789,16.502942617793263,14.403319358825684,9.526766095423726,29,132,60.43310156910646,55.0,25.244394603201812
BEN.11.1.5_1,0.0,69.0,41.51782242384963,44.0,14.607321480355314,0.0,21.49233627319336,7.806607556042475,6.964394294854366,4.1647409301232345,0,53,21.638602486301775,20.0,12.350285428807316
BEN.11.1.6_1,15.0,92.0,57.93372426019364,59.0,18.101619325967008,2.6057701110839844,29.110919952392578,12.788493632945134,11.501848809975238,6.435571462929467,11,117,58.861720987317604,57.0,24.316564084773344
BEN.11.2.1_1,0.0,42.0,12.996370489285964,11.0,9.658860892983189,0.0,29.305707931518555,4.101631523335214,1.843100984288113,8.691743724903487,0,40,11.975431004397292,9.999999999999998,10.486829537567587
BEN.11.2.2_1,0.0,42.0,23.310231457127827,22.0,10.838847026562386,0.0,44.764984130859375,7.108181370097923,4.449870586395264,9.794847671270963,2,50,21.317859021567596,20.0,11.838048064843116
BEN.11.2.3_1,0.0,71.0,28.52956437141929,25.0,19.64443766024261,0.0,33.35496139526367,6.4867900483815175,4.161742234005119,9.05597936377403,0,53,11.253432061398767,11.0,12.407935645135579
BEN.11.2.4_1,0.0,42.0,20.194213501829065,22.0,10.47492279501079,0.0,6.445100784301758,3.1456970561965982,3.1911354064941406,1.5288786693263834,6,26,12.390422347855006,12.0,5.203968240125454
BEN.11.2.5_1,0.0,64.0,23.802334717701193,22.0,15.966866580590159,0.0,12.513144493103027,2.9459745612178185,2.5804178714752197,2.501453947649737,0,23,7.214165450667862,6.0,5.510445970418312
BEN.11.2.6_1,0.0,16.0,6.603723404255319,11.0,5.664760027824613,0.0,2.606621026992798,0.9037697539790301,1.1058937311172485,0.9195368859320926,2,16,6.918439716312056,6.0,3.8026144352550233
BEN.11.3.1_1,0.0,241.0,89.80419028872276,84.99999999999999,49.21288281513948,0.0,62.985416412353516,14.872991843865265,13.353992462158203,10.21725717656255,12,151,70.57087290940582,69.0,28.39610708496791
BEN.11.3.2_1,0.0,127.0,38.58340160181965,37.0,22.860538134957757,0.0,102.23384857177734,10.452535919678873,7.230760447035348,14.020284634717408,8,151,57.04428616864409,54.00000000000001,28.989853588589327
BEN.11.3.3_1,0.0,84.0,38.33137264844581,38.0,18.3805152419594,0.0,16.72751235961914,4.797923709713816,4.4218948780493585,3.326488756912238,0,35,8.25703564727955,7.000000000000001,8.206336164650027
BEN.11.3.4_1,0.0,171.0,61.18053737683057,60.0,35.22346845991429,0.0,43.30290222167969,9.48090139162048,8.901182207364714,6.788177026820457,0,107,34.197984836885404,28.0,23.917772856409936
BEN.11.3.5_1,0.0,122.0,61.210551146139764,64.0,29.097138855771274,0.0,79.00910186767578,16.814395569920322,15.722502702914513,12.48601698889257,7,182,85.42161569628685,81.0,46.14990349034471
BEN.11.3.6_1,0.0,122.0,55.842996191282275,50.0,30.314255793813675,0.0,79.00910186767578,10.370182659519557,7.228200036095938,12.446082364850977,2,182,54.500714134574686,50.0,37.47374447899431
BEN.11.4.1_1,11.0,85.0,46.922510570053944,48.0,18.30262154871688,1.1059069633483887,51.25906753540039,12.67037704785549,8.37485122680664,13.030258190204373,1,78,18.246537396121884,14.000000000000002,17.383036430829787
BEN.11.4.2_1,17.0,127.0,72.67261834840832,74.99999999999999,28.155272392113744,4.753620624542236,85.62263488769531,45.63864610949373,43.61068916320801,19.24732580134423,4,155,76.53471161752613,73.0,38.666177978340535
BEN.11.4.3_1,0.0,134.0,53.341140266391044,49.0,28.35943405641234,0.0,89.26590728759766,27.72510153565839,23.737265553130456,18.200523330455106,8,139,50.358594282224125,46.0,30.159202575665027
BEN.11.4.4_1,0.0,53.0,22.33286888672147,22.0,13.276808601426227,0.0,13.194519996643066,3.4866550082995627,2.2099626064300537,3.0419071841364365,0,41,8.353072314337467,5.0,10.516014245979974
BEN.11.4.5_1,11.0,121.0,72.58523375142533,77.0,24.66540703078064,1.8410089015960693,62.522247314453125,16.67930775067508,15.960146843333968,10.590221377047811,84,155,130.32634929684534,129.0,13.922011088613543
BEN.11.5.1_1,0.0,81.0,40.03444671956318,42.0,16.91885127142712,0.0,51.10873031616211,11.67415025095445,9.9580443246024,9.720186916484435,2,87,33.12684497909736,33.0,16.029038275180795
BEN.11.5.2_1,0.0,87.0,41.79381853303789,42.0,19.779272891232885,0.0,49.71969223022461,12.724505601914847,13.324504361350154,9.718582833357287,6,61,26.465144025907613,22.0,13.892490763787759
BEN.11.5.3_1,0.0,78.0,29.409062564955317,26.0,23.010477910376217,0.0,18.641386032104492,5.12672151416088,3.5594968795776367,4.801695209093944,0,21,5.9812928705050945,4.0,5.518314111538851
BEN.11.5.4_1,0.0,103.0,43.59112825458054,37.0,25.274489980017396,0.0,49.71969223022461,9.204952298122562,5.192659671592181,10.460885577648463,0,56,12.253542022105194,10.000000000000002,12.928432812990135
BEN.11.5.5_1,0.0,55.0,29.039543127215435,31.000000000000004,11.13880610247855,0.0,12.553970336914062,3.8977305884340594,3.7752959209646884,2.1177410855901084,3,35,14.80149665222528,14.0,6.264582274437759
BEN.11.5.6_1,0.0,83.0,36.10281946033244,36.99999999999999,16.10629411153617,0.0,20.555448532104492,5.388372503293732,4.754410743713379,3.441953439148953,3,38,14.934392032837636,14.0,7.238211745786691
BEN.12.1.1_1,0.0,52.0,25.163125948406677,26.0,11.893330196164861,0.0,16.000703811645508,3.4411930538031803,3.317751169204712,2.9737280091925107,0,21,7.548558421851288,7.0,5.646174518565779
BEN.12.1.2_1,0.0,127.0,53.34070172835843,52.0,27.902216464251353,0.0,46.79243850708008,12.757263498926678,9.898754119873047,10.75794246607611,0,60,20.656256954231885,18.0,15.084474713065497
BEN.12.1.3_1,0.0,37.0,16.628462431580694,15.0,9.587406706035724,0.0,4.6891770362854,2.004802136580176,1.840942144393921,1.2890507316703326,0,5,0.816387460607066,0.0,1.2506324930422452
BEN.12.1.4_1,0.0,41.0,16.21983640081799,15.0,10.301575072754256,0.0,13.29281234741211,1.8812222758278847,2.0840518474578857,2.6511300677591527,0,15,4.690865712338105,3.0,5.190694621878307
BEN.12.1.5_1,0.0,37.0,23.866487110427087,26.0,9.59743733108478,0.0,5.487683296203613,3.360890576040437,3.125840425491333,1.2999008621530523,0,9,5.490958060792613,5.0,2.600873494864387
BEN.12.1.6_1,0.0,45.0,13.092441697105928,11.0,11.070682002478438,0.0,13.559943199157715,1.826196176478554,1.5630249977111816,2.6907508797909387,0,15,2.3478505198089348,2.0,3.6625674055230713
BEN.12.1.7_1,0.0,37.0,15.679186834462724,15.0,8.342696562712803,0.0,11.43376350402832,2.4488761881083274,1.8431886434555054,2.2532032511202615,0,19,6.4635043562439485,6.0,4.49131105580542
BEN.12.2.1_1,22.0,57.0,40.59112981547427,42.0,10.437499646265113,2.2094101905822754,11.256677627563477,4.6099905317058925,4.600835800170898,1.8555964973275207,6,22,13.104240854645518,13.0,3.4509799709538145
BEN.12.2.2_1,11.0,46.0,32.5934095136859,33.0,9.163754688990753,1.4728870391845703,5.245285987854004,3.8074864255852945,4.140640735626221,1.0458546442893861,0,11,6.180972628222163,6.0,3.1496031496047245
BEN.12.2.3_1,0.0,15.0,5.437830687830688,0.0,5.677270907634907,0.0,2.0842361450195312,0.7499961294825116,0.0,0.7572331069612456,18,28,22.049603174603178,21.0,2.7723546694503534
BEN.12.2.4_1,0.0,57.0,29.413409762028834,26.0,14.497702956105156,0.0,11.767687797546387,3.750564501375421,3.1902194023132324,2.191261868938629,13,28,18.080944936598925,18.0,3.1133433113607127
BEN.12.2.5_1,0.0,37.0,15.843775649794804,15.0,8.845150444765341,0.0,11.256677627563477,2.5680207281204,2.084162712097168,1.953624696278336,8,22,14.594801641586868,14.0,3.543683437849988
BEN.12.2.6_1,0.0,104.0,49.68896980731301,47.0,21.958351114632205,0.0,27.3808536529541,9.240623511705211,7.36124062538147,6.171852905307952,17,50,31.3352298588985,31.0,8.119264066378918
BEN.12.2.7_1,15.0,59.0,41.116,44.0,11.357716866796068,1.563259243965149,15.566441535949707,7.207248982230822,5.249584197998047,4.152936568389844,26,46,33.260333333333335,31.0,5.432746932172058
BEN.12.2.8_1,0.0,44.0,22.485338725985844,22.0,10.851477566496971,0.0,27.931764602661133,4.121654649756356,3.1891331672668457,5.31123846001886,19,56,25.142231209976405,24.0,6.503131795957085
BEN.12.2.9_1,0.0,112.0,45.11214363563356,42.0,25.91505052570803,0.0,32.14191436767578,8.895917176557534,6.119455575942993,6.865150111948809,5,54,20.831698502839437,20.0,8.942373137282347
BEN.12.2.10_1,0.0,59.0,25.30546357615894,22.0,15.884932035096568,0.0,27.931764602661133,4.805369762198025,3.3146495819091797,5.936577383738394,29,56,34.70115894039735,33.0,6.046681592133321
BEN.12.3.1_1,0.0,42.0,22.181430745814314,26.0,10.232889041741322,0.0,5.21008825302124,2.407722538246956,2.6674821376800537,1.2277559458083818,0,7,0.5537290715372908,0.0,2.1157009420498154
BEN.12.3.2_1,11.0,37.0,28.666983222538782,31.0,6.73232968878892,1.1044849157333374,4.68876314163208,3.2167462803359728,3.1259803771972656,0.8694484132951691,0,9,1.0471668249446027,0.0,2.180099646144685
BEN.12.3.3_1,0.0,15.0,9.23446893787575,11.0,5.024937810560445,0.0,1.563052773475647,0.9437062422593753,1.1059155464172363,0.5219774251396552,0,0,0.0,0.0,0.0
BEN.12.3.4_1,11.0,26.0,17.107355864811137,15.0,5.830951894845301,1.104525089263916,2.6676180362701416,1.761073637909254,1.5630249977111816,0.597151319871663,0,0,0.0,0.0,0.0
BEN.12.3.5_1,0.0,26.0,10.400222551928785,11.0,6.85520252457158,0.0,3.188539981842041,1.3522482394553077,1.104525089263916,0.9371244073930468,0,3,0.526706231454006,0.0,0.9875254992000196
BEN.12.3.6_1,0.0,98.0,39.87332843497429,37.0,24.990642538881882,0.0,52.1469612121582,8.57734010004104,4.809483957602308,10.303943066860915,3,77,23.189860396767088,18.0,17.954911807767015
BEN.12.3.7_1,0.0,33.0,22.4487932159165,26.0,9.814657406145159,0.0,4.68876314163208,2.778033274921497,2.668900489807129,1.26503760239103,0,12,2.807240704500979,2.0,3.3686050525402944
BEN.12.3.8_1,0.0,37.0,15.617269196295192,15.0,8.810939397205301,0.0,4.230670928955078,1.8334205651732036,1.563052773475647,1.0512163902000435,0,6,0.43083358231251867,0.0,1.6548475483147278
BEN.12.3.9_1,11.0,46.0,30.17353823088456,33.0,11.691449867317568,1.1045852899551392,6.8372273445129395,3.3980540254752314,3.6819510459899902,1.5469219543668744,0,11,2.559220389805098,2.0,2.991237202229205
BEN.12.3.10_1,0.0,113.0,47.65546949098955,42.0,26.262758474672108,0.0,61.204708099365234,12.1298122834055,6.009027481079102,14.524512301213749,0,91,22.822873853936134,16.0,22.392510449287578
BEN.12.4.1_1,0.0,22.0,10.777528089887639,11.0,6.204014500173846,0.0,2.208848714828491,1.09450384766868,1.1044243574142456,0.6871862314669858,35,39,36.2561797752809,37.0,1.3093073414159542
BEN.12.4.2_1,26.0,62.0,43.590066716085985,46.0,11.764766135466626,2.668872356414795,12.014071464538574,5.156071449934419,5.209855556488037,2.444404818176906,29,38,33.82727946627131,34.0,2.7118566825454966
BEN.12.4.3_1,0.0,339.0,152.73991812037033,138.2478134110787,91.75174262680355,0.0,104.04197692871094,32.0413387166066,21.568762722953423,25.164343745604935,28,164,91.8103081891636,92.0,32.19861926980299
BEN.12.4.4_1,15.0,42.0,24.74055829228243,26.0,8.05708797684788,1.5629552602767944,4.600452899932861,2.780443686374106,3.035547971725464,0.9222618125098307,32,37,34.932676518883405,35.0,1.5986105077708908
BEN.12.4.5_1,11.0,115.0,71.83928865470112,76.0,24.16179904479974,1.1059119701385498,36.96367645263672,13.021305994456446,12.16528607440251,6.88432573356235,32,76,51.48937921949612,52.0,10.20898706161373
BEN.12.4.6_1,0.0,46.0,20.406320541760724,26.0,13.50591434232508,0.0,6.900552749633789,2.7265789742035644,3.1883459091186523,1.9365856152107288,36,47,40.051918735891654,40.0,3.377828033251889
BEN.12.4.7_1,15.0,42.0,25.54719235364396,26.0,9.419892515310352,1.5629552602767944,4.231841087341309,2.645592215667916,2.668872356414795,0.9862827310318809,36,44,39.16726403823178,40.0,2.6896793489187516
BEN.12.4.8_1,0.0,57.0,28.34848010028204,26.0,15.635570804424292,0.0,7.356165885925293,3.4980669287221633,3.3132121562957764,1.999283637146195,29,38,34.23346913193356,35.0,2.579320174383835
BEN.12.5.1_1,0.0,37.0,16.618306909961113,15.0,9.626680002155164,0.0,12.946431159973145,3.567901247067613,2.5804824829101562,3.384647293253901,12,34,22.840263236613822,22.0,6.170850434507887
BEN.12.5.2_1,0.0,133.0,70.7257516282538,73.0,30.908449818207348,0.0,58.64271926879883,13.446512220332025,11.363836057132453,10.093465556783805,102,186,132.25043310453725,129.0,15.718876689736584
BEN.12.5.3_1,0.0,78.0,32.84633632050606,31.0,16.834882291624528,0.0,18.85161018371582,5.798832348077059,4.295551800871759,4.437685170582863,7,35,18.9754217185029,18.0,6.841194271336822
BEN.12.5.4_1,0.0,202.0,94.4461129820816,94.0,41.38345984806863,0.0,76.18827819824219,24.92881246897338,23.274726848241368,14.941799691638217,9,178,74.28930111583453,70.0,34.06653616623219
BEN.12.5.5_1,11.0,57.0,30.171682289097188,30.0,14.632176588463395,1.1043026447296143,15.837312698364258,6.473466745549726,5.765163898468018,4.433166867399707,11,36,23.13320177602368,23.0,6.9076751755826615
BEN.12.5.6_1,15.0,134.0,73.99604395604395,70.0,31.56430044304655,2.6046671867370605,28.867599487304688,15.215700531704522,14.745646476745605,6.036891162293037,22,49,35.93538461538462,34.0,6.826486684017945
BEN.12.5.7_1,0.0,191.0,86.67951786229048,88.99999999999999,34.79902546206749,0.0,75.74816131591797,24.199713829759737,22.242668032949513,13.901047008656587,69,178,121.75266308683442,122.0,19.507303892428183
BEN.12.5.8_1,15.0,39.0,29.84783950617284,31.0,7.841197293781097,1.562899112701416,11.172569274902344,3.9435744589493598,3.927064895629883,1.895610196767351,4,18,9.772222222222222,8.0,3.7043517951488125
BEN.12.5.9_1,0.0,42.0,27.6615875265769,31.0,10.093593236607022,0.0,5.855432510375977,3.360859918539445,3.3129076957702637,1.3181239629763748,8,33,18.487243090007084,19.0,5.590888560363061
BEN.12.5.10_1,26.0,143.0,84.8099377082428,84.0,31.401521548414745,2.668273687362671,70.2695541381836,17.080221472279703,15.012856483459473,15.369236279660777,97,154,117.24496595683036,115.0,13.261932665516403
BEN.12.5.11_1,37.0,339.0,196.51569743011706,200.71109871723368,60.331550575810475,3.774589776992798,85.42970275878906,34.183360368100665,31.798248608907063,14.920811801076281,17,149,59.361717879796494,55.99999999999999,24.83166114462981
BEN.12.5.12_1,0.0,80.0,34.509323533415,35.0,18.836407088528297,0.0,22.014545440673828,7.835033886543306,7.049749851226807,5.505911023490694,21,52,34.13815162651422,36.0,7.069300875765575
BEN.12.6.1_1,11.0,126.0,71.75473091479736,74.0,29.006958062443143,1.473230004310608,69.91996765136719,26.245220942702154,22.804077233397347,18.175370947665993,48,133,83.55243238253485,82.0,23.98446960174515
BEN.12.6.2_1,0.0,163.0,63.27784710889251,62.00000000000001,31.121477660693667,0.0,44.2989501953125,13.723772283832666,12.392238999490685,9.319379181225132,36,93,59.68650603180698,58.0,11.96535319334849
BEN.12.6.3_1,11.0,143.0,62.00384615384617,59.00000000000001,27.051130867875894,1.473230004310608,41.83722686767578,14.156666796015985,12.177020072937012,9.394913070885234,53,99,72.82982456140351,71.99999999999999,10.270545511075804
BEN.12.6.4_1,0.0,120.0,66.1482267054703,73.0,28.514621148684657,0.0,44.82038116455078,11.912796910334915,10.444999483950555,7.719059236836485,29,80,44.86311843338429,42.99999999999999,10.638889141285976
BEN.12.7.1_1,0.0,127.0,59.4349303981871,53.0,30.541063571135407,0.0,86.65955352783203,28.73199679713373,18.599088668823242,21.146267754068877,23,109,58.101003561022985,53.00000000000001,21.449066919254435
BEN.12.7.2_1,11.0,73.0,34.99581032184346,31.0,15.539339573487842,1.4745584726333618,16.940046310424805,6.174661950006234,4.688678741455078,4.1060837509687484,0,27,10.091601599695299,9.0,6.487538382928648
BEN.12.7.3_1,44.0,190.0,105.69157736938537,102.0,35.89089142678054,5.335758209228516,67.75101470947266,22.275223403204414,16.33275032043457,15.35610344069761,13,106,39.75859197157292,32.0,23.824239840493092
BEN.12.7.4_1,11.0,37.0,18.86416992733371,15.0,8.104782538723663,1.4725927114486694,13.294222831726074,2.6786255942435817,2.0839591026306152,2.7342524621195,0,18,4.460592509782001,2.0,5.18260311040697
BEN.12.7.5_1,11.0,68.0,34.657990219277494,35.0,15.022008837266188,1.1059187650680542,15.531909942626953,5.680479240861296,4.7526469230651855,3.8512867023108477,0,21,9.043066729768103,8.0,5.659294427066751
BEN.12.7.6_1,0.0,140.0,53.59652958528541,53.0,31.166904996647098,0.0,44.569305419921875,11.521474895782603,8.603864554723986,9.916469465201418,12,97,40.77275724449072,35.0,20.468826845863525
BEN.12.7.7_1,11.0,164.0,67.58791208791207,57.0,41.57225666449895,1.104404091835022,65.75099182128906,15.443767175426972,8.462520068721549,15.055803866633562,9,102,39.32896311609182,26.000000000000004,28.572179362468955
BEN.12.7.8_1,15.0,37.0,22.991525423728813,26.0,7.952004464284461,2.083940267562866,5.028887748718262,3.0134191386780493,3.035547971725464,0.8866140106577254,0,2,0.4936440677966102,0.0,0.9682458365518543
BEN.12.8.1_1,0.0,117.0,42.88233934350439,42.0,27.70176447632968,0.0,22.30121421813965,6.997511727441754,5.334636211395264,5.442884910685049,34,60,40.948682385575594,41.0,6.246938025455158
BEN.12.8.2_1,0.0,267.0,131.33556448737482,132.20125293657009,62.58598155230295,0.0,59.81071853637695,23.448269865183693,23.406712297292856,11.041435527206431,46,132,88.73780428511232,90.0,18.661838101802356
BEN.12.8.3_1,22.0,151.0,97.58204404291358,95.0,35.03616052564405,2.211836338043213,44.10167694091797,22.725108410287614,22.22348403930664,11.084474902283139,40,107,71.83975155279501,73.0,17.35395526425055
BEN.12.8.4_1,11.0,163.0,71.96081555575228,75.00000000000001,30.707423182097404,1.1045852899551392,47.42261505126953,16.704137970288937,15.093724705956197,9.83535834610248,41,101,66.81703107019563,66.0,14.559625420042469
BEN.12.8.5_1,42.0,151.0,102.02943961047737,105.0,24.382582512201775,4.876153469085693,45.61738586425781,17.247803962787998,14.398027617590769,7.828095545597596,22,95,42.05364951985933,36.0,18.15083084939052
BEN.12.8.6_1,0.0,84.0,21.024058919803608,16.0,20.285077643430405,0.0,22.30121421813965,3.136638913704799,2.0839591026306152,4.946886982313189,36,60,42.44337152209493,41.0,5.621165359602923
BEN.12.9.1_1,0.0,106.0,43.02430965305641,42.0,22.703036516207373,0.0,31.0606746673584,7.753546946083064,5.968526721000671,6.469372700686836,10,56,32.41299436933141,32.99999999999999,9.63659203950575
BEN.12.9.2_1,0.0,112.0,54.35343293242008,56.99999999999999,27.512314039766174,0.0,58.369380950927734,14.80545063391325,12.303112352398081,13.471507174904753,12,77,35.83204789385688,32.99999999999999,15.391381550685468
BEN.12.9.3_1,0.0,42.0,22.36671924290221,22.0,11.44699087096692,0.0,9.433947563171387,3.850257108358178,4.050439357757568,2.422044777695992,5,22,10.661934805467931,10.0,4.286537063878021
BEN.12.9.4_1,0.0,61.0,27.73327615780445,25.0,17.962549446818155,0.0,15.314313888549805,5.31366670882109,4.142403602600098,3.8181191059717516,0,27,12.42058319039451,13.0,7.238028331972996
BEN.12.9.5_1,0.0,97.0,44.987231002768105,42.0,22.744928821813776,0.0,36.211639404296875,10.221949109372009,10.763260841369629,7.643034179569542,44,74,57.74006607732833,57.0,7.294967630796932
BEN.12.9.6_1,0.0,124.0,56.41206932265416,56.0,26.75772122077471,0.0,72.21553039550781,22.723096068587125,17.728970535640613,15.877961849897167,33,98,56.090381826969576,54.0,14.768002410925503
BEN.12.9.7_1,0.0,108.0,59.55782902722387,59.0,24.536927149723752,0.0,44.231388092041016,18.16302529064212,16.559422663279943,10.041458934900366,57,119,83.75897346974163,80.99999999999999,13.116445182117776
BEN.12.9.8_1,0.0,152.0,66.39219807411382,64.0,28.907498057651086,0.0,59.68096923828125,17.723403547238263,14.35300828339516,12.161243021444214,26,129,56.48816444563694,52.0,21.61836290636055
BEN.12.9.9_1,0.0,90.0,45.4684457871769,47.0,20.087397203700608,0.0,31.0606746673584,9.804500851232865,8.8032808303833,5.9173648527527485,15,54,28.60092872328522,27.000000000000004,8.281817876643345
BEN.12.9.10_1,0.0,53.0,27.5933014354067,26.0,11.36875194161871,0.0,29.256147384643555,5.577372307619771,3.1263680458068848,5.50059966923609,8,48,17.47390169638973,16.0,7.908944640433628
BEN.12.9.11_1,11.0,93.0,44.93154381479905,43.0,20.069750167724354,1.474544644355774,30.43012046813965,10.188621822143041,9.474534034729004,6.533326154323485,15,60,32.83120295412583,32.0,10.95637905268379
